5000
1436
4540
63
3
4
5
6
7
4630
9
10
3511
3035
13
14
4426
16
2885
18
3896
20
2959
1037
4770
1858
4158
26
27
28
29
2269
31
32
33
34
35
36
37
4012
3438
40
2951
1937
43
44
45
688
47
3836
49
50
51
52
1337
2637
989
56
57
58
59
60
61
62
2
64
1632
1857
4666
68
3084
70
71
72
73
74
1322
76
77
78
1925
2332
2871
82
83
3215
2880
4258
87
88
4712
4917
91
92
1470
94
538
96
97
98
1499
4287
528
102
3058
258
105
106
107
108
3734
110
1770
4576
283
114
115
4604
4311
2473
2501
120
151
2282
123
124
3293
126
4354
128
481
1387
2016
132
133
2384
135
4509
1472
138
139
140
827
3186
143
144
4115
146
147
2529
4693
4982
3972
1313
153
154
155
156
2284
158
2442
160
4004
3309
1545
4668
165
166
1556
168
4485
170
4854
172
3452
1735
175
176
177
178
179
2249
3885
1229
183
396
185
186
187
188
189
190
191
192
3322
194
195
196
2084
198
199
4657
201
202
203
204
205
206
207
208
4679
210
211
386
3959
214
909
216
1015
218
2988
220
221
4799
223
224
4780
226
1051
3704
229
230
3381
4759
233
234
2920
236
237
4870
1042
240
1699
3247
243
1133
539
262
3164
248
249
2409
3408
2964
253
254
352
256
257
546
953
260
261
3114
263
264
265
266
2470
3653
269
1709
4866
272
273
3049
2191
276
277
278
279
280
281
282
113
2722
907
286
287
288
289
290
1177
292
293
3514
295
2535
3707
298
299
2653
2563
302
303
304
305
306
307
308
309
3811
311
312
313
314
3361
3125
2115
167
319
320
321
322
1067
324
4960
326
1114
1487
329
330
331
332
333
334
4588
336
337
823
339
967
341
342
343
3131
345
346
347
348
349
350
351
2293
353
354
355
356
357
1800
359
3775
2234
362
363
364
1027
217
367
368
369
3999
778
372
373
374
375
911
4107
1614
2244
380
381
1354
383
48
385
2901
443
388
389
3841
2826
392
393
3041
395
184
397
1059
399
400
401
402
403
1643
2841
406
407
408
409
410
411
412
578
414
3983
416
3544
1740
419
3779
421
2927
423
335
3106
2175
427
3504
2521
430
244
2511
1351
513
435
436
437
438
439
440
441
442
803
2012
2009
446
447
448
449
450
451
452
453
970
455
456
457
458
459
460
461
462
463
4226
465
2538
467
2103
3915
470
471
508
473
3971
1257
476
2892
478
4621
480
129
4153
483
484
485
486
3304
2399
489
490
491
492
493
494
495
2887
806
498
499
500
501
4172
4419
504
2792
506
507
472
509
510
511
512
867
4265
515
516
517
518
519
520
521
3644
1810
524
2664
526
4609
101
2917
530
531
532
1691
534
535
536
537
95
886
540
541
542
543
4000
545
3673
547
548
549
550
2675
552
1108
4838
555
46
2310
1169
559
1449
561
562
1747
564
565
338
2400
568
569
2997
3039
572
573
3842
575
576
577
413
579
580
581
582
583
584
585
586
3801
588
589
4214
591
592
593
594
2478
596
597
598
599
600
3931
602
603
604
605
1879
607
608
2638
610
611
2816
613
1706
615
616
4212
618
619
620
621
622
4725
624
3806
1812
627
628
629
630
631
632
895
634
635
636
637
638
639
640
641
2985
3097
644
645
4022
647
648
649
1222
3341
1341
2263
654
1259
656
657
658
659
660
2278
662
3583
664
300
666
2492
668
669
670
671
672
673
674
675
676
677
678
318
680
1493
1897
683
4881
2091
686
687
3404
689
690
691
692
693
694
4515
1761
697
698
1587
700
701
4460
703
90
8
3954
3038
708
709
710
711
712
713
2859
715
716
717
1701
719
720
721
722
723
724
725
3417
727
728
729
730
731
3086
3820
734
4075
3551
737
1616
955
740
741
742
743
3560
745
746
3645
748
749
750
751
752
1065
754
755
756
757
758
802
760
4797
762
763
4858
765
4767
767
768
769
770
771
487
773
4777
1756
4187
777
371
2059
1500
781
3110
783
885
3963
3609
787
788
2313
790
4130
792
793
794
1410
3301
797
798
3678
800
858
759
387
804
291
497
807
808
809
810
2270
3660
2106
2669
2922
1040
817
818
819
820
821
822
566
824
825
826
4506
828
2214
830
3183
735
4784
834
4779
836
1811
4915
839
840
4286
417
843
4141
2838
1527
847
1601
849
384
851
3538
4024
854
855
856
857
801
4317
860
3380
212
4833
2322
1160
866
2060
868
869
870
871
3283
1232
4973
1719
876
1584
878
879
2079
881
882
883
884
1219
245
887
888
360
1049
891
892
893
3905
468
3031
897
3977
899
900
901
902
3117
904
905
906
285
908
215
910
4683
2100
365
914
915
916
917
1038
2033
920
921
922
1605
924
925
926
927
928
929
930
931
932
2748
934
935
936
937
938
939
940
941
2601
943
944
4182
946
947
948
949
950
951
952
4750
2878
3625
1859
957
958
959
3925
961
962
2910
3168
965
966
340
968
969
454
971
972
653
974
975
976
1105
978
979
980
981
982
983
984
4330
986
987
3958
1069
3618
2883
992
993
378
995
889
1942
998
999
4240
2238
3022
1003
557
1005
1006
1815
2766
1009
2129
1011
1012
1013
1014
3252
4478
1017
1018
1308
1020
1373
1022
4522
3412
2561
4605
2552
1028
1029
1030
1031
1096
1033
1034
1035
2949
22
525
1285
4358
4596
3142
2573
1044
1045
422
1047
1048
890
3510
227
1052
1546
1286
1055
1056
1685
1058
398
1060
1274
1062
1063
1064
3209
1066
4220
4615
55
1070
1071
3203
4322
1074
3607
4685
1077
1078
1079
1080
2695
4758
1083
1084
2422
1086
4129
1088
1089
1090
1091
1092
3291
1094
1095
1032
4252
3442
1099
1100
1510
1102
1103
1104
977
1106
1107
553
1109
1110
4480
1112
1113
327
1115
1116
1117
1118
3171
1093
3649
1122
1123
1124
1125
496
1127
1128
1129
1130
1131
1132
776
1134
3784
1136
1137
1390
1139
1140
1141
1849
1645
1144
1145
1146
1147
1148
1149
1150
2338
4444
4756
1154
1155
1156
1157
1158
3582
2613
3715
1162
1163
1851
1165
1166
1167
1593
2327
1170
1171
1172
1173
1174
3367
1176
2324
2222
1343
1180
1181
1753
3791
3480
1185
1186
1187
1188
1189
1190
1191
1192
1193
2441
1026
1196
4304
1443
1199
1200
1201
1202
1203
1204
3506
1206
4673
1424
1209
1210
1211
1212
2339
1214
1215
1216
1844
1218
784
1220
4601
2114
1223
1224
1225
4098
1227
173
182
1230
1892
873
1233
1902
3094
4820
4183
1238
1239
159
1241
1242
3488
4812
1245
4699
1247
4003
1249
1250
3221
1252
1253
1254
1255
4009
2182
1258
655
1260
1261
1262
1263
2976
1265
1266
3572
1268
1269
1270
1271
1272
1273
732
1275
1378
4162
1278
1279
1280
1281
4492
1283
1284
4468
1054
4235
1288
1289
558
1291
1292
1293
1294
1295
1296
1297
1298
1299
1300
1301
4793
1303
1304
1305
1306
1307
1019
1309
1310
1311
1312
152
1314
1315
3262
1016
4968
1319
4487
1321
75
1323
2133
1325
1326
1327
4597
1329
1623
4288
1392
2258
1334
1335
4669
53
1338
1339
4314
652
1342
2342
1344
523
1757
1347
1348
1349
1350
433
1352
1353
382
1355
1317
1435
1358
1359
1360
1361
1362
1585
1364
1365
1366
1367
1368
1369
2468
1302
1372
4660
1374
1375
1376
2068
1542
1379
4245
2404
1539
3633
1384
1385
1386
2869
1388
1874
1138
1391
1703
1393
1394
1395
1396
3483
1398
1399
1400
1401
1402
4505
1404
1405
1406
1407
2295
1409
795
2366
1412
1413
1414
1415
1416
1417
23
1419
1420
4766
1422
3759
2337
4083
1426
1427
1428
1429
1430
3376
1432
1433
1434
2331
142
1437
1438
1439
1440
1441
2779
4891
1444
1445
2155
1447
4836
560
1450
1451
1452
1453
1612
1455
1456
1457
1458
1884
1460
1461
4925
4763
3210
1465
1466
1467
3356
1469
93
1471
4999
1473
1474
1475
1476
1477
1478
1479
1823
1481
1482
1483
1484
4698
1486
1002
1488
1489
3276
1491
1816
681
1494
1495
1496
3180
1498
3402
780
1501
1502
2705
1504
3675
4458
4830
1508
1509
1101
1511
1512
1513
738
1515
1516
1555
1357
1519
1520
3536
1522
4472
1524
3777
1526
4053
1528
1529
4899
1531
1532
1533
1534
1535
1536
1537
1538
1779
1540
1541
3010
3990
1544
4741
1053
4108
1548
1549
488
2138
1552
445
4312
1517
2007
1557
3053
1559
1560
1561
3646
1563
1564
4956
1750
1567
1568
1569
1570
1571
1572
2243
1408
1575
4810
2957
1962
1579
1580
4377
1582
1583
3158
3769
1586
4608
1588
2307
1590
1591
1126
1168
1594
1330
4243
1597
1598
1599
1600
848
2532
1603
1589
2607
1205
4443
3523
1490
2298
1611
4352
2686
4147
1615
774
1617
1618
1619
1620
1621
1622
1595
1624
1625
1178
1627
1628
1629
1920
1631
65
4590
2775
4662
3359
4445
1638
1639
3296
1641
1642
4709
1644
1143
1646
829
1648
1649
3626
3085
1652
1525
1654
1655
1656
1657
1389
1659
1660
1661
1662
1663
1664
1665
1666
1667
1668
3002
1670
1837
1802
865
1674
3665
1676
1677
246
1679
1680
19
1682
1683
1684
4970
1686
2398
1718
1689
1690
3508
4154
1693
1694
1695
3910
1697
1698
241
1700
3877
1702
1332
1704
1705
4433
2245
1708
2958
1710
1711
1712
2064
1714
1715
4528
1717
1688
875
1720
1721
2843
1723
3518
4675
1726
1727
3672
4944
1730
1731
1732
2421
1734
174
1736
1737
4448
4356
418
1741
1742
1743
1744
1745
1746
2445
1748
1749
4277
1751
1752
1182
1754
1755
775
2725
1758
1759
2801
696
4251
1763
1764
1765
1766
2359
1768
1769
2719
1771
1772
1773
4887
1775
1776
1935
1778
1382
1780
3732
1782
1930
1784
1363
2361
1787
1788
1789
2802
3827
3942
1793
1794
1795
1796
1797
4910
1799
358
1000
3230
1803
1804
1805
1806
1807
1808
1809
4520
2032
1004
1813
1814
1007
1492
4306
1818
1819
1820
1821
1822
1480
3532
1825
1826
171
2738
1829
1830
1831
1832
1833
831
1835
1836
1671
1838
1839
1840
4409
1842
3342
1217
1845
1846
3487
1848
4551
1850
3241
2233
1853
1854
1855
1856
3722
24
956
1860
1861
1862
1863
4708
3217
3611
3042
1868
1869
2316
1871
1872
2586
2363
2696
3979
1877
1878
4379
1046
1881
1882
1883
1459
2237
2592
1817
1888
1889
1287
1891
1681
1893
1894
1895
119
682
1898
1899
1900
1901
1234
3184
4269
1905
1906
1907
1908
1909
1910
1911
1912
3208
1914
1915
1916
1917
4746
1919
1630
1921
1922
1923
1924
3082
1926
1927
1928
4962
3307
2483
1932
3195
1934
4134
4374
69
271
1939
1940
1941
4440
3808
1944
1945
1946
1947
2386
1949
2248
1951
2627
1953
1954
1955
3264
4120
1958
4397
1960
1961
1578
1963
2977
4271
3355
1967
2500
41
1970
1971
3613
1973
4752
1975
2711
1977
1978
1979
1980
1981
1982
1983
1984
3232
1986
1987
1988
2730
1990
1991
2183
1993
4365
1995
1996
1997
1998
1999
2000
2001
2195
2003
2004
2005
2006
4922
2008
1553
3024
2011
444
2013
2014
2333
4402
2017
2018
2019
2556
2021
2022
2023
2024
2025
2026
3762
2343
3737
2030
2031
2770
919
2034
2035
2524
2037
2941
3597
3595
2041
2042
2043
2044
2733
704
2047
2048
2049
2050
2051
2052
2053
2054
3943
4079
2057
2058
779
434
112
3918
2063
1248
2065
2562
2067
3861
2387
1153
2071
1577
2073
2074
2075
2076
2077
2078
2349
2080
2081
2082
2083
4303
3440
2086
2087
4661
3785
2685
685
2823
2093
2094
2095
2096
2097
2098
2099
912
2101
3747
633
3275
2105
181
2107
2056
2109
4849
2111
3233
2113
650
317
2116
2117
2118
2119
2120
3621
2122
2123
4244
2125
2126
2127
4225
1010
3505
2131
2132
1324
2134
2960
2136
2137
1551
2139
3385
2141
1834
2143
2144
2145
2146
2147
2148
1
2150
3849
3550
2153
2154
1446
2156
2157
2158
2159
2160
2761
2162
2163
2164
2165
595
2797
2784
2169
2170
2171
4109
2173
4070
426
2176
2177
2178
2179
2180
2181
3051
2279
4181
2185
2186
2187
2188
2189
2190
275
2192
2193
2194
4602
2196
2197
2198
2199
2200
3411
2202
2203
2204
2205
1672
2207
1608
2209
3588
2211
2212
4173
1647
2215
2216
2217
2218
2219
2220
2221
1626
2223
2224
3156
2226
2227
2228
2229
2230
2231
3981
1852
361
2235
2236
4951
1001
4531
80
366
2242
3096
379
1707
2246
2247
1950
180
2250
2251
2252
2253
2254
4782
2256
3242
3716
2259
3577
1824
2980
973
469
2265
2266
2267
2268
4281
842
2271
2272
4175
4315
2275
3007
2277
661
3814
2280
2281
122
2283
157
2285
3787
3690
753
2289
2967
2291
2292
255
2526
1968
2296
2297
316
2299
2300
2301
4503
4819
2304
2305
2306
1604
2308
2309
2650
2311
2312
789
3152
2315
1870
2317
2318
2319
2320
4950
864
2323
805
2325
2326
3453
2328
2329
2990
4824
2240
2015
3975
2335
2336
3858
1151
2206
2340
2341
4995
3204
2344
2345
2346
2347
2348
880
2350
1792
2630
2353
3728
2355
2356
2357
2358
1767
2360
1786
2362
4127
3489
2365
1411
2367
2368
2369
2370
2371
2372
2373
3179
2375
2376
2377
3839
2379
2380
2381
2382
2383
1716
2385
1948
2069
2388
2389
2390
4028
2392
2393
2394
2395
2396
2397
1687
1550
3145
2124
2402
3122
3441
2405
2406
2407
2408
250
2432
2898
2799
3141
2414
2984
2416
3443
2418
2419
296
894
1085
2423
2424
2425
2426
2427
2428
2429
4469
1340
2410
2433
1431
2435
2436
2437
2438
2881
2440
1194
4135
2443
431
3855
2446
3365
3916
2449
2450
2451
2452
2978
2454
2962
2657
2457
2458
2459
2460
2461
2462
2463
2464
2465
3708
2467
4447
2469
267
2471
2472
118
3805
2475
2476
2477
3197
2479
2480
2481
2482
1931
1025
2485
2486
2487
642
2489
2490
2491
3149
2493
2494
2495
2496
2497
4952
4885
739
3045
2502
2503
2504
2505
2506
2507
3104
2509
903
432
2746
2513
2514
2515
2516
4510
2518
2519
1989
429
2872
2523
2036
570
4360
2527
2528
148
2530
2531
1602
3973
4371
2420
2536
2537
466
2539
2540
1264
3509
2543
2544
2545
2712
3078
2548
2549
2550
2846
913
2553
2554
3735
2020
2557
2558
2559
2560
2484
2066
301
2564
2565
2907
3497
3534
2569
2570
2571
2572
1043
2574
2575
2576
2577
2578
2579
2580
3143
2582
2583
4410
2585
1873
2587
2588
2589
2590
2591
1886
2596
2594
2595
2593
2597
2598
2599
997
4159
2602
2603
4413
2605
2606
4331
2608
2609
3468
2611
2612
1673
4248
2615
2616
131
2618
2619
2620
2621
2622
2623
2806
2625
3887
699
2628
2168
2352
2631
4991
2633
2634
2635
2636
54
609
2639
2640
2641
2642
2643
2644
2645
4254
2647
2648
2649
2714
2651
2652
665
3005
2655
3610
2456
2658
2659
2660
4293
4066
2663
918
3256
2666
2667
2668
814
2670
2671
2672
859
2674
551
3070
2677
3615
2679
2680
3537
2682
2683
2684
1463
1613
2687
219
2689
1383
3146
2692
2693
116
2900
4203
2697
2698
4703
2700
2701
479
4623
2704
3020
2706
2707
2708
3460
1592
1969
2546
2713
626
2715
2716
2717
2718
111
2720
2721
3062
0
2724
3833
2726
2727
3901
2729
2520
2731
2378
4681
2734
2735
2736
2737
1828
2739
4241
2741
2742
2743
2744
3828
2512
2747
933
2749
2750
4929
2752
2753
2754
2755
2756
2757
2758
2759
3128
2161
2762
2763
2764
2765
1008
2767
4351
2769
837
2771
2772
2773
1887
1634
2776
2777
2778
1442
1336
2781
2782
2783
990
2785
2786
2787
2788
2789
2790
2791
505
2793
2794
2795
2430
2167
2798
4720
1785
4682
796
2803
2804
2805
3878
2807
2808
2809
2810
2811
2812
2813
2814
2815
612
2045
2818
3265
2820
2821
2822
2092
2824
3102
391
2827
2828
2829
2830
2831
2832
2833
3900
3018
2905
2837
845
2839
2488
405
3847
2302
2844
4372
2551
2847
2848
4979
2850
2851
2852
2853
2854
2855
2856
2857
2858
714
2860
2861
2862
3513
2864
2865
2866
2867
2868
3081
482
81
2522
3413
2874
4565
2876
2877
4395
2879
85
2439
2882
991
2849
17
2886
2710
2888
2889
2890
2891
477
2893
2894
2895
2896
2897
3947
3191
2842
954
2902
2903
2904
2836
2906
4273
3516
2909
963
2911
2912
2913
2914
2915
2916
4090
2918
590
235
2921
3424
2923
2498
2925
2567
3867
2928
2929
2930
2931
2932
3211
3351
2935
2936
2937
2938
2939
2940
2038
2942
2943
2944
2945
2946
2947
2948
1036
2950
4415
2952
3810
2954
2955
1725
2072
270
21
3456
833
2455
4017
252
2965
2966
2290
4137
1021
2970
2971
2972
2973
2974
2975
2541
4626
1558
2039
1276
587
4463
4223
2415
239
2986
3214
2688
2989
2330
2991
2992
2993
2994
2995
2996
2525
2998
2999
3000
3001
1669
3003
3004
960
3006
4972
3290
3009
3294
4684
3012
3013
3014
3015
3016
3017
2835
3019
1503
3021
328
3023
2010
3025
3026
3027
4853
3029
3030
896
3974
134
3034
3857
3696
3037
707
571
3040
394
1867
3043
3044
3893
3046
3047
3048
274
3050
475
3052
2453
3054
3323
3056
3057
103
3059
3060
3061
3557
3063
3064
3065
3770
3067
3068
84
2676
3071
3072
3073
3074
3075
3076
3077
4848
3079
3080
3257
1081
3083
42
1651
1061
3087
424
3089
3339
3091
3543
3093
1235
3095
1573
643
4050
3099
3100
3101
2825
3103
625
3105
425
3107
1159
3436
782
3111
3112
3113
4907
4119
3116
2510
3118
3119
3120
3422
2403
3123
3124
2354
3126
3127
2760
3129
3130
344
4195
1875
3134
1226
3136
3137
3138
3139
3140
2413
2840
2581
2166
567
2691
3147
3148
667
2961
3151
786
3153
3154
3155
2225
3157
877
3159
3160
3161
3162
3163
247
3165
3166
3167
964
3169
3170
4923
3315
3173
3174
2629
3176
3177
1514
2374
1650
1866
3182
2142
1903
3185
2694
3187
3795
3189
3190
2899
3192
3193
3194
4406
3196
3144
39
3199
3200
1097
3202
3755
2028
3205
3206
3207
1381
2288
1464
2933
3212
3213
1120
3069
3216
1865
3218
3198
3220
1251
3222
3223
4323
3225
996
4993
3228
3390
1213
3231
1468
2112
3234
3235
3236
3237
3238
3239
4057
1164
2257
3243
4342
1606
3246
242
3248
4026
3250
3251
2241
3253
3254
3255
733
130
3258
3259
3260
3261
1316
3263
2981
2819
3266
3267
3268
3269
3270
3271
3272
3273
3274
2104
4329
3277
4645
3279
1956
415
3282
872
3284
3285
3286
3500
3288
3289
4745
2987
1523
125
1023
3295
1221
4464
3298
3299
3300
1790
3302
3303
3481
1929
3306
1783
3308
162
3310
4305
3312
1345
3314
1966
3316
3317
3318
1184
3320
2681
193
3055
3324
3325
3326
4064
3328
3329
3330
136
3332
4768
4486
4711
3336
1179
3338
3090
3340
651
1843
3343
4292
3345
3346
3347
3348
3349
3350
2934
3352
3353
3474
3172
1985
3357
3358
1636
3360
315
3362
3363
3364
2447
563
1175
3368
3369
3370
3371
3372
222
3374
3375
2434
238
1762
3379
861
4890
3382
3383
4994
2140
3386
3387
4078
3389
3229
3391
3392
3393
846
3395
3396
3397
3398
3399
3400
3401
99
3403
556
3405
3406
3407
4310
3409
3692
2780
4696
2873
3414
1774
4349
726
3418
3419
4084
3421
3121
3423
815
3594
2334
1543
4896
3429
4927
4462
1506
3433
3434
3435
1243
3437
3219
3439
2085
1197
1098
2417
3444
3445
4062
3447
3448
3449
3450
3451
1228
1290
3454
3455
2135
1581
3458
3459
2709
3461
3462
3463
3464
3465
3466
3467
2610
3469
3470
3471
3472
3473
3354
3475
259
3477
3478
3479
3319
772
3482
1397
3484
3485
3486
1847
3515
2364
3490
4695
3492
3493
3494
3495
3496
2926
3498
3499
3287
3501
3502
3503
428
1277
3623
3507
533
2542
1050
3783
3280
2863
294
3109
2908
3517
1724
4297
3520
3521
3522
2208
1087
3525
3526
3527
3528
988
3530
3531
2261
3854
2568
1380
1521
3321
4582
3539
3540
3541
3542
3092
4307
3545
3546
3547
3548
3549
2152
736
3552
3553
3554
3555
3556
4992
3558
3559
744
4343
3562
3563
3564
3565
4852
3567
3568
3569
3570
3571
1267
3573
3574
3575
3576
2260
3578
3579
3580
3581
503
663
3584
3585
3586
3587
2210
3589
3652
3591
3592
3593
3425
2040
3596
2979
3598
3599
4633
3150
3602
3603
3604
3605
3606
1075
3608
209
2614
3181
3612
1972
3614
2678
3616
3617
2690
2654
3620
3636
3622
3245
3624
1994
1497
3627
3628
3629
3630
3631
1142
3175
3634
3635
702
3637
3638
3639
3640
3641
3642
3643
522
747
1562
3647
3648
2088
4732
1952
3590
268
3654
3655
3656
3657
3658
816
812
3661
3662
3663
1518
1675
3666
3667
3668
3669
3670
3671
1728
104
3674
1505
3676
3677
799
3679
3680
3681
3682
3683
3684
3685
3686
3687
3688
3689
4918
3691
3410
3693
4687
3695
3036
2604
3698
3699
3700
3701
3702
3703
228
3705
3706
297
2466
3709
3710
3711
3712
3713
3714
1161
1333
3717
3718
3719
3720
3721
66
3723
3724
3725
3726
4659
1610
3729
3730
3731
1781
3733
4755
2555
3736
2029
3738
3739
3740
3741
3742
161
3744
3745
3746
2102
3748
994
3750
3751
3752
3753
3754
1072
3756
3757
3758
1423
1320
3761
2027
3763
3764
3765
4706
3767
3768
1913
4547
3771
3772
3773
3774
3226
3776
1653
3778
420
3780
3781
3760
11
1135
2089
3373
3650
3788
3845
3790
1183
3792
3793
3794
3188
3796
3797
3798
4411
3800
225
3802
3803
3804
2474
2508
3807
3335
4185
1356
310
3812
3813
2584
3815
3816
3817
3818
3819
2665
3821
3822
3823
3824
3825
3826
1791
4476
3829
3830
3831
3832
1346
3834
3835
4828
3837
3892
2732
3840
390
574
3843
3844
3789
3846
79
3848
2151
3850
3851
3852
3853
3533
3366
3856
12
1208
3859
3860
1377
1637
3863
3864
3278
3866
1880
3868
3869
3870
3871
3872
3873
3874
3875
3876
718
2624
2534
3880
3881
3882
3883
4900
813
3886
2626
3888
3619
3890
1890
3838
1896
3894
3895
1231
4928
3898
4421
2834
2728
3902
3903
1733
3904
3906
3907
3908
3909
1696
3911
3912
3913
3914
2264
2448
3917
2062
3919
3920
3921
3922
3923
3924
3889
3926
3927
1246
3929
3930
601
3932
3933
3934
3935
3936
3937
3938
3939
3940
3941
2351
4161
4065
3945
3946
2411
3948
3949
3950
3951
3952
3953
706
2968
3956
3957
3529
4143
3960
3961
3962
785
3964
4393
3966
3967
3968
3969
4716
4324
1658
2533
3032
3426
3976
898
3978
1876
3980
2232
3982
4196
4761
3985
3986
3987
404
3989
3427
3991
3992
3993
3994
3995
923
4512
3998
370
4627
4001
4002
1713
3743
4005
4906
4007
4008
1256
4010
4011
38
3394
4014
4015
4016
2963
1328
4019
4020
4021
646
4023
3240
4025
3249
4027
2391
4029
4030
4031
4032
4033
4034
4035
4036
4037
4038
4039
4040
4041
4042
4043
4044
4045
4046
4954
4048
4049
3098
4051
4052
4663
4054
4055
4056
853
4058
4059
4325
4061
3388
4063
3327
4336
4502
4067
4068
4069
2174
4071
4072
4073
4074
832
4076
4077
3446
2108
100
4081
4082
1425
3420
3333
4086
4087
4088
4089
4678
4091
4092
4386
4094
4095
4096
4097
4294
4099
4100
4101
4102
4103
4104
4105
4106
377
1547
2172
4110
4111
4112
4113
4114
145
4116
213
4118
3115
1957
4121
4122
4123
4124
4125
863
121
1565
3524
791
4131
4132
514
1777
1240
4136
4218
4138
4139
4140
4557
4142
4117
4144
4145
4391
862
4148
4149
4150
4151
4892
2870
4552
4155
4156
4157
25
942
4160
2055
1739
4163
4164
4165
4166
4167
4168
4169
4170
4171
502
2213
4174
2273
4176
4177
4178
4179
4180
2184
945
1237
4184
4369
4186
2444
4188
4189
4190
4191
4192
4193
4194
3132
4804
4197
4198
4199
4200
4201
4202
3133
4204
4205
4206
4207
4208
4209
4210
4211
617
4213
2919
4215
4216
4217
3955
4219
323
4221
4822
2983
4534
2128
464
4227
850
4229
4230
4231
4232
4233
4234
3891
4236
4237
4879
4239
1801
2740
4242
4781
2401
3535
4246
4247
2656
4249
4250
1068
3201
684
2646
4255
4256
4257
86
4259
4260
4261
4262
4263
4264
4133
4266
4267
4268
1904
4270
1965
4272
2566
4274
4275
4276
1566
3244
4279
4280
3344
4282
4283
4284
4285
841
4080
1331
4289
4290
4291
30
2661
3135
4295
4296
3519
4298
4299
4300
4739
4302
197
2800
3311
2774
811
3996
4309
251
117
1554
4313
4844
4652
4316
2673
4318
4319
4320
4321
1073
3224
4333
4060
4326
4327
4328
1609
985
4308
4332
474
4334
4335
3944
4337
4338
4339
4340
4341
4809
3561
4344
4345
4346
4347
4348
3416
4350
2768
1454
4353
127
4355
2130
4357
3178
4359
2294
4361
4362
4363
4364
1574
4366
4367
4368
3809
4370
3879
2845
4373
1936
4375
4376
3457
4378
606
4380
3600
4382
4383
4384
4385
1152
4889
4388
4389
4390
4146
4392
4439
4394
3749
4396
2276
4398
4399
4400
4401
2617
4403
4404
4405
1933
4407
4408
1841
1992
3799
4412
3697
4414
1976
4416
4417
4418
3108
4420
3899
4422
4423
4940
4425
15
4427
4428
4429
4430
4431
4432
614
4434
4435
4436
4437
4438
3965
2600
4441
4442
1607
4093
3862
4446
1370
1738
4449
4450
4451
4452
4453
4454
4455
4456
4692
3432
4459
3897
4461
3431
2982
4558
4465
4466
4467
1039
4961
4470
4471
3292
4473
4474
4524
2745
4477
2953
4479
1111
4481
4482
4483
4484
169
3334
3782
4488
4489
4490
4491
1282
4493
4494
4495
4496
4497
4498
4636
4500
4501
2662
1722
4504
1403
141
4507
4508
4085
2517
4511
3997
4513
4514
695
4516
4517
4518
4519
3313
4521
2262
4523
4475
4525
4526
4527
554
4529
4530
2239
4532
4533
3337
4535
4536
4537
4538
4539
2149
4541
4542
4543
4544
4545
4546
3066
4548
4549
4550
3632
1692
4553
4554
4555
4556
844
3297
231
4560
4561
4562
4563
4564
2875
4566
4567
4568
4569
4570
4571
4572
4387
4574
4575
2061
4577
4578
4579
4580
4581
852
4583
4584
4585
4586
4587
3088
4589
1633
4591
4592
4593
4792
4595
1041
4018
4598
4599
4600
1640
2002
4603
2723
1195
4606
4607
3651
527
4610
4611
4612
4613
4614
3378
4616
4617
4618
4619
4620
2702
4622
2703
4624
4625
1964
544
4628
4629
705
4631
4632
4381
4634
4635
4499
4637
4638
4639
4640
4641
4642
4643
4644
3865
4646
4647
4648
4649
4650
4651
2274
4653
4654
4655
4656
200
4658
3727
2969
1121
1635
4013
4664
4665
67
4667
164
2201
4670
4671
4672
1207
4674
2956
4676
4677
529
2314
4680
2817
1760
376
3011
1076
4686
3694
1729
4689
4690
4691
4457
149
4694
3491
3033
4697
1485
3928
4700
4701
4702
2699
4704
4705
3766
4707
1864
3988
4710
1943
89
4713
4714
4715
3970
4945
4718
4719
2412
4721
4722
4723
4724
623
4726
4727
4728
4729
4730
4731
2286
4733
4734
4735
4736
4737
4738
4301
4740
163
4742
4743
4744
3008
1918
4747
4748
4749
3476
4751
1974
4753
4754
109
2070
4757
1082
232
4760
3984
4762
2090
1448
4765
1421
766
3331
4769
1418
4771
4772
4773
4774
4775
4776
3659
4778
835
3512
1596
2255
4783
3601
4785
4786
4787
4788
4789
4790
4791
4594
1371
4794
4795
4888
761
4798
3786
4800
4801
4802
4803
3281
4805
4806
4807
4808
4278
1576
4811
1244
4813
4814
4815
4816
4817
4818
1119
1236
4821
4222
4823
3664
4825
4826
4827
4228
4829
1507
4831
4832
4126
4834
4835
4764
4837
1024
4839
4840
4841
4842
4843
2431
4845
4846
4847
2547
2110
4850
4851
3566
3028
1827
4855
4856
4857
764
4859
4860
4861
4862
4947
4864
4865
1938
4867
4868
4869
3377
4871
4872
4873
4874
4875
4876
4877
4878
4238
4880
4253
4882
4883
4884
2499
4886
3415
4796
4573
4559
1198
4152
4893
4894
4895
3428
4957
4898
1530
3884
4901
4902
4903
4904
4905
4006
1678
4908
4909
1798
4911
4912
4913
4914
838
4916
2046
2287
4919
4920
4921
679
2303
4924
1462
4926
3430
2121
2751
4930
4931
4932
4933
4934
4935
4936
4937
4938
4939
4424
4941
4942
4943
4688
4717
4946
4863
4948
4949
2321
1885
2924
4953
4047
4955
4128
4897
4958
4959
325
2796
3305
4963
4964
4965
4966
4967
1318
4969
1057
4971
1959
874
4974
4975
4976
4977
4978
2884
4980
4981
150
4983
4984
4985
4986
4987
4988
4989
4990
2632
284
3227
3384
4224
4996
4997
4998
137
