1000
213
995
360
193
977
269
6
181
8
826
10
11
12
13
14
15
192
17
939
185
519
21
190
23
24
25
356
799
28
29
30
568
125
0
34
35
7
37
38
39
40
58
42
43
44
162
46
820
800
49
909
51
52
498
499
149
56
890
817
59
60
286
942
245
795
284
66
81
68
530
70
561
982
393
352
109
76
903
174
277
80
550
82
454
84
85
879
87
404
89
382
3
375
93
929
95
409
97
988
99
100
436
102
103
104
557
92
107
272
805
110
111
418
228
114
880
547
358
311
723
120
535
123
122
419
967
983
154
128
129
276
131
586
315
614
365
823
533
138
139
140
234
518
143
488
873
146
473
729
55
150
758
494
153
127
782
156
157
523
67
160
161
633
300
164
165
78
167
754
169
170
416
693
173
960
391
459
177
178
699
893
728
182
256
480
19
374
501
188
189
717
191
493
965
194
195
917
748
588
199
329
370
202
777
204
278
206
207
990
438
62
211
582
33
214
452
885
163
218
506
531
221
222
749
386
225
226
882
478
888
230
231
854
388
141
925
236
237
27
239
240
529
259
574
405
609
246
732
955
249
642
251
460
433
807
350
264
26
542
229
260
940
262
263
554
265
4
878
268
77
270
271
899
158
274
275
61
575
32
856
792
90
644
283
910
285
130
287
470
289
290
291
292
31
294
324
686
297
298
299
774
829
302
303
304
853
41
713
458
309
310
238
671
243
672
133
961
936
210
319
802
325
73
559
305
321
894
327
570
770
815
331
724
333
334
816
252
337
338
392
566
487
832
757
963
345
106
323
937
312
612
532
355
587
354
142
347
357
117
359
520
771
362
363
364
135
657
601
368
906
407
874
645
261
108
469
687
377
378
379
152
381
258
383
1
731
417
553
949
313
866
630
812
972
394
340
396
840
597
399
512
734
402
217
743
628
406
679
408
96
200
621
412
564
670
415
171
224
598
656
486
859
422
912
479
607
511
447
428
369
430
763
432
253
74
232
75
437
932
439
403
510
742
443
673
445
446
806
448
332
450
203
558
453
788
166
922
457
745
474
692
615
462
496
653
465
466
467
468
295
901
808
759
121
420
475
525
477
113
923
184
481
527
953
220
698
172
341
247
489
490
145
492
900
534
495
463
497
53
159
500
435
326
755
504
471
219
741
508
502
175
863
400
513
514
515
516
517
449
773
2
521
659
273
524
455
526
148
528
241
411
482
767
472
380
688
536
267
538
556
540
845
789
989
544
545
546
116
414
697
980
589
552
387
898
555
660
144
941
155
560
320
562
563
227
565
54
20
825
577
654
935
572
573
451
79
576
665
578
579
696
301
509
583
584
585
616
353
684
701
590
147
592
593
996
595
548
398
112
599
994
367
602
709
604
395
606
425
629
115
610
926
255
700
881
461
999
617
618
328
883
322
622
484
695
625
786
627
244
483
787
631
632
45
634
902
636
870
638
666
714
641
250
643
282
372
646
647
105
708
650
651
838
464
681
655
861
366
658
819
71
661
662
663
664
569
849
667
668
476
567
441
314
91
348
836
712
180
678
895
680
431
682
683
198
371
744
257
889
689
690
691
716
384
694
624
950
124
485
440
613
803
702
703
704
705
706
707
649
637
891
711
676
307
640
715
336
22
718
969
720
721
722
201
456
725
726
591
429
947
730
635
491
733
186
735
736
737
738
974
919
507
442
349
5
308
746
747
317
223
750
751
752
753
168
503
756
343
401
975
18
233
762
619
764
765
962
132
768
769
209
361
772
424
844
775
685
537
778
779
780
781
212
65
784
47
539
648
83
183
137
791
280
793
794
837
72
86
798
444
48
801
216
551
804
998
809
254
505
293
810
811
187
813
814
541
335
118
205
522
886
639
892
677
824
242
841
827
828
427
397
831
951
833
834
835
675
64
390
839
543
9
842
761
179
865
846
847
848
821
850
851
852
346
339
855
279
857
920
421
860
549
862
426
864
790
992
867
868
869
603
945
872
376
776
875
876
248
389
797
887
134
830
620
884
626
785
63
896
373
57
710
822
344
918
119
581
897
281
760
69
288
385
296
904
905
924
907
908
50
783
911
956
970
914
915
916
913
318
674
858
921
98
968
413
235
611
927
928
94
930
101
727
933
934
571
197
740
938
843
196
88
594
943
944
871
946
796
948
16
580
342
952
608
954
877
652
957
958
176
410
316
766
136
36
964
966
931
266
719
306
971
151
973
739
330
976
959
978
979
605
981
623
126
984
985
986
987
818
596
208
991
423
993
600
669
215
997
434
351
