2500
0
1615
2
2148
1711
2410
1633
7
8
1064
1103
197
415
13
14
2033
1069
1443
1012
2154
20
21
71
2381
24
25
26
27
28
29
817
1557
32
403
34
35
266
37
1738
39
577
41
42
544
1464
1973
97
47
48
49
1308
413
2088
53
54
1120
1028
57
1855
749
60
312
1686
63
2061
510
66
1569
68
1982
1143
22
72
73
2109
1671
1960
1080
1496
79
80
99
82
83
84
85
86
961
1063
89
1690
932
268
258
94
2036
357
895
106
1197
1043
101
1050
1947
1520
2219
284
1373
1816
492
1046
111
1626
1905
515
779
116
879
1312
1451
120
121
1764
123
124
2005
1603
477
128
129
130
131
607
133
1851
1788
136
137
753
1576
1049
2181
839
1516
1343
1096
1269
177
148
149
1057
206
2468
940
154
138
608
157
837
954
160
669
1013
1126
1587
2344
166
2172
355
1042
170
171
172
725
174
992
176
147
2106
179
568
1402
754
183
504
480
1805
519
188
189
1297
107
1871
1616
427
1250
1997
328
2163
199
2338
2215
770
203
204
592
389
207
2341
209
210
1194
212
213
259
1632
216
150
2105
597
220
221
917
223
224
973
226
227
2421
699
230
2492
232
233
234
235
236
1326
238
631
1810
528
517
2259
2197
845
246
247
2164
1041
855
251
988
253
1116
716
898
257
1568
1379
630
261
262
70
947
1667
1067
1252
92
455
748
271
272
806
274
275
1969
277
278
1986
280
281
282
1813
2064
2456
408
254
1957
289
2218
2331
292
293
1748
516
296
981
298
299
1081
2373
302
2083
331
729
306
2301
308
309
310
322
509
1511
314
315
626
317
1695
2366
320
321
1317
323
2364
1205
326
380
334
173
1773
1661
332
333
633
335
336
337
244
279
340
341
342
343
344
345
1924
347
77
2178
350
351
352
1380
354
1608
356
2312
1259
359
676
757
362
706
15
365
366
2044
368
369
1916
361
372
373
374
2060
2290
153
378
2392
743
381
2123
2012
270
704
1412
2107
2358
2098
390
391
392
2350
1413
33
396
840
398
399
400
1696
193
290
1099
2063
1367
407
518
409
1689
411
412
240
414
12
1850
417
418
1708
420
169
422
423
424
2295
2173
1625
428
429
849
1675
432
433
2393
435
502
437
438
1058
1392
441
442
1134
255
410
1869
447
448
449
450
451
452
859
454
1340
456
109
1897
599
460
461
462
1983
685
465
1715
467
2490
469
11
2018
31
196
474
475
476
127
899
479
2057
481
902
483
484
485
1561
487
488
1048
490
491
267
493
494
495
1330
2024
498
1559
500
1053
436
503
184
505
506
1151
1754
1674
1827
734
555
1370
820
1085
250
114
1335
1055
2028
637
522
1032
524
64
670
745
1578
529
1758
1923
532
1450
799
535
536
1460
538
539
540
541
1487
543
1972
545
1570
1423
548
1102
472
2353
552
553
554
874
556
1416
2208
2159
1898
751
562
1638
564
742
566
2339
180
800
570
2167
572
1159
574
2004
132
146
2074
195
2349
581
2125
1078
584
2185
722
587
283
589
590
591
205
593
1836
595
596
1125
1678
459
600
573
1005
582
604
2027
606
852
1522
609
610
1646
2390
1910
614
615
873
1262
618
619
2209
621
1
473
846
625
316
217
1538
2175
1447
239
632
1913
634
1363
1807
2122
1824
1406
640
1109
81
182
644
1712
1104
1232
812
649
650
651
652
1996
1999
404
656
657
201
659
660
661
662
1612
664
1240
666
1474
668
161
508
1238
672
673
1621
2283
549
677
678
679
728
681
682
2240
684
142
1539
2430
688
689
276
1248
692
339
2314
695
402
697
999
229
1648
1856
687
952
567
144
363
707
708
709
1577
2477
712
2102
1394
715
2006
1434
1617
719
720
721
2307
723
724
1785
2274
727
1971
919
1759
731
732
1618
658
735
2191
2077
738
1224
740
741
1808
145
744
527
746
747
838
59
1292
393
2461
215
134
2034
756
2116
758
1171
760
761
836
763
764
1611
2448
2221
768
769
2058
771
1989
2435
1088
513
2129
2048
778
1854
780
2121
782
783
419
353
2318
787
788
789
790
2345
792
793
1601
2383
796
1591
798
534
1110
975
802
2108
915
1649
1228
1100
2401
809
1029
811
648
2284
710
815
1113
971
394
2042
464
821
2458
823
824
1468
1593
827
1917
1567
23
831
848
833
1223
1202
1388
993
126
1477
1751
841
1864
561
305
245
624
1212
832
1833
1004
1452
1700
926
854
1073
856
857
858
453
1329
861
862
863
520
865
866
1361
647
1397
870
2196
872
2391
1301
2342
2378
1219
1769
1346
989
881
882
883
1765
885
386
887
888
819
890
891
892
893
894
1060
896
897
2091
2251
900
901
705
358
1022
613
1175
907
908
909
1699
911
2265
913
914
1803
1599
222
2045
1437
920
921
922
923
2206
1849
1286
2431
525
1797
930
931
2262
933
934
674
2385
937
2277
1425
264
941
1637
1792
944
2325
946
1473
948
949
950
2408
2303
953
159
955
956
1701
1844
959
1763
869
962
963
2389
965
966
967
991
969
431
30
1393
2457
2001
801
90
977
2127
979
871
186
143
2165
1865
978
986
1009
2311
1481
990
1140
2003
2357
1885
995
996
997
998
698
2417
639
2054
755
2222
602
1006
1007
383
987
2013
1011
1728
162
877
1034
1016
1017
1018
1019
1020
939
904
1890
942
1025
1026
5
2089
1376
1066
1249
523
825
1015
803
1036
1037
211
1039
2245
249
1884
1630
1558
1045
110
1047
1369
1604
1347
1051
1052
1131
1054
1796
1056
2264
263
1003
1439
1061
1062
1825
9
1065
1030
2056
2193
1867
2170
295
1072
2249
65
1075
2103
2377
583
2346
348
1680
1082
1083
1084
1465
690
1087
1193
1089
1090
1091
1092
1647
1320
360
1634
1074
1098
1654
2328
1101
547
1396
1059
1105
96
1880
984
115
1281
903
2423
816
1114
1115
287
1486
842
1492
1707
1121
1122
1123
808
1325
2483
1268
1128
1129
1130
501
1132
2413
546
2406
1136
1137
578
1139
968
1141
1901
1038
1278
1403
1076
1147
643
1142
1150
202
1152
1718
1318
1155
1422
1157
1158
2313
208
346
1607
1163
1462
478
1166
1167
2462
58
1170
759
2451
1173
1174
1697
1787
1177
830
1179
1180
542
1182
1950
2463
1185
2362
2214
1784
1189
1190
1191
1453
774
822
1195
1196
16
1198
1199
1200
1201
576
1203
1204
1692
1206
1207
752
1209
777
1144
569
1213
265
2120
1946
1217
1218
1014
1220
2343
1627
87
1876
1744
2380
1499
1531
1229
867
1231
868
1506
1356
1235
1344
1106
671
2485
665
1551
113
1243
1244
1417
10
1579
2140
2055
711
1251
726
1253
1254
1310
1256
1257
1258
622
1260
2230
330
466
1508
1265
1266
1267
1994
1338
1735
1378
1272
1273
1274
1275
814
1673
1211
1831
1280
1900
1282
2370
1284
1285
1024
1287
766
985
1290
2394
750
1293
1294
1295
2216
1562
2386
1299
1300
2407
1870
1241
1304
1381
512
1307
50
1309
1605
1311
2155
2078
1314
1315
1316
311
1929
1319
1771
1321
405
1323
1324
1965
1683
2418
1328
1186
19
2062
338
1333
1334
286
125
1337
291
1339
1839
1341
1342
1949
530
1345
117
102
2053
1542
1350
1351
1662
1353
1354
1355
439
1357
1358
1359
1409
2128
1168
1925
1364
1138
617
786
158
489
775
324
1372
586
241
1619
1636
1628
585
152
785
1305
1685
285
1384
1682
1386
2409
810
1389
1390
1391
430
1845
1944
1395
1246
1519
2388
2052
1192
1401
181
1739
1404
2475
691
100
1937
1879
1410
1980
886
1208
1606
739
318
2195
1421
533
1420
1418
2080
1095
1424
1021
1483
1681
1428
565
1430
151
1432
1433
717
1435
773
1247
1438
804
1762
737
1442
1750
1444
1445
580
2246
1629
1449
178
119
1610
2426
1454
1455
1456
1498
1458
1459
781
1466
2333
905
156
52
2111
1467
1033
912
1470
1471
1472
1861
1889
1475
2068
1936
1478
1938
1480
18
1482
1426
1484
1485
2487
1991
1488
2320
1526
1495
2212
370
1494
1493
696
1497
1899
951
2093
175
218
1875
1504
1843
1233
1507
1264
1094
642
1296
1512
2396
1514
1515
982
1517
1518
834
303
2425
1479
1523
62
1525
1490
1527
1528
4
1530
1768
2030
1533
1534
1820
2260
1537
2205
1283
187
1842
1642
1543
1704
1981
1546
2472
1548
1549
2414
2494
1552
1553
1554
1655
1702
550
1044
2113
1560
486
190
2086
1804
2126
371
829
1829
2000
1271
2496
1572
1148
1574
1575
139
1276
1156
401
2232
645
1582
1583
1164
1585
1586
876
1489
680
2491
797
1592
2356
1594
1289
1714
1597
1598
916
1566
2352
1602
384
140
1255
945
1162
1502
1352
851
765
88
1613
1826
191
2237
1441
733
2384
1529
935
118
1623
1624
194
980
1429
1377
1448
443
237
155
6
2324
1635
1651
1541
329
1834
1640
1641
1349
1643
1644
693
611
1169
551
805
563
2134
1652
2020
1631
377
1656
2427
1658
1659
1660
1398
1609
1801
1664
1742
243
2379
1668
1669
1670
675
1672
1277
1967
1214
445
1677
1436
1679
300
1427
1513
653
1684
2429
1524
1687
1688
703
976
2278
1360
1693
325
557
1153
1694
1698
1887
168
471
1556
1703
1544
1705
108
1907
2368
44
1710
714
1581
807
1596
1968
1716
1935
844
667
219
1721
1001
2354
2010
1725
2387
1727
1914
1729
1730
1977
1732
1733
1734
1270
1736
1737
2415
2169
1740
762
1500
1743
2017
983
388
1747
104
1749
17
1161
1752
1753
2117
1755
1756
1757
2227
730
1760
1761
1440
960
122
884
1766
1767
214
1111
1770
2041
1772
1510
1774
1457
1776
1777
1778
269
1780
364
1782
663
1298
1650
1786
1933
135
1306
1790
1791
416
507
970
1795
1540
2204
2100
1811
1800
1663
61
421
1564
713
2124
636
1222
1809
1709
1799
1812
1127
1814
1815
1362
2334
1818
1819
1535
772
2321
1823
2433
1706
1614
45
2110
1509
1830
2449
1832
1188
319
1835
2404
1837
1838
2450
1840
434
853
2136
958
972
1846
1847
1848
1665
2073
1722
1852
1853
382
864
701
1336
1858
1859
2161
1622
1862
1863
1118
2112
1866
1183
2190
446
1302
192
1872
521
957
2145
1927
1877
1878
2114
1288
2479
1882
2286
46
2104
1886
910
2305
2470
2252
1239
1892
425
1894
1895
1896
67
560
2188
2351
1149
1902
1903
1904
1242
1906
55
1908
1909
1463
1911
1912
2360
880
1915
470
559
164
2157
1920
2276
1922
531
1565
1181
1926
2067
38
1891
964
457
256
627
1934
2015
514
1371
2253
1939
1940
2482
1942
1817
294
1945
1216
103
2476
1779
2202
1951
1952
1953
1954
1955
850
288
1958
1959
76
1961
1962
1963
1964
2488
1966
1802
1263
1408
925
200
767
444
2243
1975
1976
2372
1146
1979
1411
1545
1331
463
1984
1985
601
1987
1988
843
2439
2471
1365
1993
2248
1995
98
1881
1368
1145
594
974
2002
397
575
1717
1620
2007
2008
2009
1724
2011
1008
1010
2297
1857
2016
1888
1956
2019
1653
2021
1237
1713
1841
2025
1806
297
2376
2029
1532
2031
2032
579
736
2035
95
1970
2038
2039
2040
1348
2037
2043
367
1639
2046
163
2374
2049
1992
1023
1399
36
1002
1165
1571
185
2101
2059
375
2242
69
74
623
2065
2066
1415
1476
2069
1108
1400
2072
406
1431
2075
2076
860
1313
2079
1783
2081
2082
2285
2084
2085
1563
2087
1035
56
2090
301
2092
889
2094
2095
2096
2097
1573
2099
1798
1383
616
1178
242
327
1419
1789
1589
141
1828
598
2453
847
2257
2115
2239
1210
2355
2119
1215
537
2050
641
2023
603
2420
1070
1093
1031
2130
2131
2132
2133
2455
2135
3
2340
2138
2310
605
2271
2142
440
2179
2051
1503
1550
1505
2149
2150
2151
2152
2153
2269
1584
2156
1919
2158
828
1124
1860
1230
198
248
1745
2166
571
2168
1930
1446
2171
167
1068
307
629
2176
2177
2187
2144
2180
1322
2182
2183
2184
2160
2186
349
1154
2189
683
1461
2192
936
2194
1245
93
511
2198
1943
2200
1590
1366
2203
929
628
924
2207
558
620
2210
2211
1119
2213
1187
496
313
2217
1382
105
2220
826
2359
2223
2224
2235
2226
1236
2228
2229
1261
2231
1580
2233
2234
2225
1921
78
2238
1893
1868
2241
2022
1731
2244
1040
2263
2247
588
2199
2250
776
385
2411
1719
2255
2256
918
2258
1998
1536
2261
91
1793
1491
1469
2266
2267
2467
875
2270
2141
2272
2273
1931
2275
2330
938
1918
2279
2280
2281
2288
75
813
1077
1883
2287
2282
2289
376
2291
2071
2293
2294
835
2296
273
2298
2299
2300
2174
2302
928
2473
1225
2306
1948
2308
2309
2139
252
1978
818
694
2315
2316
2317
943
2319
1588
1822
2322
794
526
497
2326
2327
43
2329
2236
40
2332
1555
1071
2335
2336
2337
1676
2146
2137
1160
1332
1221
165
791
1234
2347
2348
1595
1821
1666
654
700
1723
2118
2026
499
1746
1414
1176
2361
2447
2363
1086
2365
906
2367
784
2369
686
2371
1974
1932
1600
2375
1521
655
1691
1291
1226
2047
2382
795
1375
426
2143
1726
1501
2292
612
1775
379
2437
1374
2395
1385
2454
2398
2399
2400
1781
2402
2403
458
2405
1135
1227
387
1741
1027
51
2412
1133
2147
1928
2416
1000
702
2419
1794
228
482
1112
2424
2162
1327
1657
2428
395
1117
927
2432
638
2434
646
2436
1079
2438
1990
2440
2441
2442
2443
2444
2445
2446
718
2254
1279
2422
1172
2452
2070
2397
1873
260
1874
225
2459
2460
1645
1097
1184
2464
2465
2466
2268
2201
2469
1107
1387
1547
2304
2474
1405
878
1407
2478
304
2480
2481
1941
635
2484
994
2486
2323
1720
2489
468
2014
231
2493
1303
2495
112
2497
2498
2499
