1000
492
1
2
3
4
101
911
997
905
613
672
11
12
13
14
15
38
847
18
19
380
114
146
23
534
151
26
58
998
29
342
31
32
954
34
35
530
713
16
210
725
41
42
200
44
45
46
650
48
49
243
51
956
53
54
55
56
61
345
751
60
57
62
252
64
628
669
67
68
341
282
71
72
73
74
75
76
77
78
79
456
81
82
83
84
85
420
768
88
143
90
91
92
296
298
95
96
934
98
99
354
5
102
197
474
540
106
989
108
109
110
500
112
829
21
322
116
117
552
119
127
638
122
123
124
572
889
120
128
902
130
131
132
133
134
135
958
137
138
139
140
141
925
481
111
145
22
147
148
149
150
501
152
338
154
339
548
430
158
159
160
874
162
163
164
165
166
167
427
169
996
171
172
173
253
175
176
107
178
579
180
181
182
294
184
185
186
187
619
476
190
593
144
193
194
195
602
480
511
582
43
979
202
203
204
205
206
207
208
529
276
211
283
213
28
215
216
217
218
219
220
129
589
223
224
225
413
227
228
229
898
845
232
233
896
235
368
237
238
635
240
241
242
50
244
125
246
247
248
249
724
251
63
174
778
439
256
257
260
259
212
261
509
263
264
258
819
267
268
269
270
287
272
273
97
275
39
277
278
551
757
281
70
265
284
285
286
826
288
912
290
554
292
293
183
295
365
842
961
299
401
301
302
303
304
305
306
895
308
309
310
756
696
313
314
315
316
317
318
214
320
773
352
323
324
325
326
327
522
329
330
254
332
453
969
335
336
337
153
155
161
69
30
343
344
985
346
754
348
349
350
351
642
866
100
355
356
357
358
359
360
361
362
392
364
93
563
367
811
455
370
813
372
373
374
375
376
738
378
379
933
381
382
383
434
721
105
387
644
472
390
391
363
393
394
395
396
482
473
399
400
569
402
403
555
405
406
407
408
660
410
411
412
460
414
415
416
918
418
419
830
421
422
848
424
425
426
822
428
429
157
431
432
433
983
435
436
437
438
759
440
441
442
443
709
445
446
271
448
221
804
451
118
687
937
528
80
457
312
459
510
461
784
463
499
465
466
467
604
469
470
927
389
398
104
115
742
477
478
479
307
89
397
483
498
485
755
487
488
0
490
491
489
493
622
495
496
462
484
794
192
618
502
503
504
505
897
507
508
245
250
198
512
513
514
515
516
517
518
519
520
521
328
523
524
525
526
527
369
52
36
531
532
533
24
535
536
537
538
539
423
541
910
543
300
545
546
547
156
549
550
279
86
648
576
404
556
557
558
575
560
561
562
366
564
565
566
266
568
821
570
571
262
230
574
559
291
577
578
179
17
581
199
583
584
585
586
797
588
222
590
988
592
497
594
595
596
597
452
599
274
601
189
603
468
605
606
607
608
807
610
611
612
9
614
883
616
617
25
371
620
652
494
623
624
625
626
627
65
629
630
818
632
633
634
239
636
637
121
639
640
641
475
385
388
706
646
647
656
649
47
651
621
675
654
655
553
657
658
659
409
661
662
447
664
665
666
609
668
978
670
671
10
760
674
752
885
417
678
679
680
681
682
683
684
685
686
333
688
40
748
691
692
693
694
695
59
697
698
699
201
701
702
673
704
7
645
926
708
703
782
711
712
37
762
715
542
717
718
719
859
643
722
723
226
689
726
727
728
729
730
731
732
733
734
735
736
737
763
739
908
741
196
743
168
745
746
836
690
749
750
458
653
753
347
873
311
280
758
710
444
761
714
868
764
765
766
767
720
949
770
6
772
321
774
775
776
777
331
779
780
781
255
783
191
785
786
787
788
808
790
791
792
793
464
795
796
587
798
799
800
801
802
803
450
805
806
667
789
809
810
236
812
188
814
815
816
817
631
982
705
544
600
823
975
825
663
827
828
113
598
831
832
833
834
835
747
837
838
839
840
841
297
843
887
231
846
580
386
849
850
851
852
853
854
855
856
857
858
875
860
861
932
863
864
865
353
867
377
869
870
871
872
967
340
87
876
877
878
879
880
881
882
615
884
676
886
844
103
126
907
891
892
893
894
740
234
506
573
899
900
901
449
903
904
8
906
890
888
909
716
771
289
913
914
915
916
981
677
919
920
945
922
923
924
142
707
454
928
929
930
931
862
20
486
935
936
471
938
939
940
941
942
943
944
921
946
947
948
769
950
951
952
953
33
955
209
957
136
959
960
94
962
963
964
965
966
744
968
334
970
971
972
973
974
824
976
977
66
700
980
917
567
384
984
27
986
987
591
177
990
991
992
993
994
995
170
820
319
999
