10000
0
1
9008
4588
6531
3867
6
7
8
1987
646
4784
12
4754
14
15
16
1639
1164
4706
20
393
8802
23
24
5153
291
4891
28
29
30
9743
32
6709
34
8879
36
37
7111
5966
40
864
1891
6227
902
5015
2910
47
2516
49
50
4559
8587
53
54
5069
8363
57
2218
59
60
6496
1386
2246
64
65
66
67
68
69
5076
8543
9667
92
414
75
93
77
1479
8047
8993
81
3798
8569
652
1151
8854
1528
6169
9213
90
91
4369
3453
4081
95
96
97
4906
99
8150
101
1922
8792
6806
3682
9794
107
9201
1122
110
111
601
6035
4519
115
1342
9712
118
149
120
3039
122
2934
124
8290
126
9693
9874
1338
6257
7922
580
133
9129
7616
1041
137
138
139
140
9629
4046
360
1273
6113
992
147
3232
119
150
5353
152
153
154
2433
9271
9040
158
1937
160
9519
8066
163
8637
2034
1199
167
1197
8812
170
171
7025
1558
515
4782
8415
8068
7744
7900
5877
9297
4048
183
8584
5953
7176
3402
7280
189
3155
9588
192
193
194
195
2678
197
5808
199
200
2545
202
3939
204
8999
206
4837
9754
209
210
6733
7036
213
4737
215
216
7854
6348
7278
220
1848
7054
223
224
225
7936
1637
4124
3369
8529
1691
7277
1869
234
9953
979
9093
9229
6009
5978
7863
897
116
244
245
1156
3141
248
249
250
251
252
5707
254
3040
256
7874
3034
8211
260
261
2902
7266
4601
265
266
1231
653
269
584
1590
272
3005
7350
5825
276
277
7041
2722
3296
281
282
283
2691
3289
7778
287
288
289
3059
6664
292
6868
6187
295
8015
9161
8521
299
300
2472
986
3486
304
1886
5430
307
6433
9627
4133
3163
388
313
314
315
316
317
9154
319
3550
9003
5174
3811
2318
5140
8820
8636
5048
4398
9784
4766
5619
333
6624
8596
404
1215
338
339
340
341
342
343
1333
345
1382
3683
348
3974
9200
938
6038
353
354
5424
6478
5068
358
1444
143
7428
362
2271
3784
3473
366
1592
368
729
370
371
4356
4719
374
1931
5583
377
5416
3658
7032
381
3317
6783
384
1944
386
387
3775
6357
390
391
5300
9753
6583
8336
240
397
6462
8331
4998
401
402
403
336
405
406
6399
7275
6248
410
411
5677
413
2571
8991
3730
7620
8245
7601
420
112
4122
8995
9270
4491
426
427
1003
9790
457
1387
432
433
4339
435
436
7392
5158
439
440
5321
9084
2431
2637
445
8580
3977
448
700
4758
451
4850
453
454
9136
9879
6383
6686
1443
460
8077
462
3219
464
8335
9211
5508
468
469
6103
7572
6476
8513
474
2287
476
477
3241
8325
480
7147
7641
483
9392
9189
894
487
488
2781
490
7980
7035
494
1579
9756
2746
497
498
3248
500
1735
3099
503
504
4027
506
9007
9841
6898
5124
4305
7523
5493
2540
9231
516
517
1767
6966
2217
521
851
523
524
525
4297
5574
5864
529
8157
531
532
7105
7168
4479
9035
5220
9807
5223
540
541
5407
4654
5229
4458
9417
8920
5888
6252
1439
2947
552
553
554
6837
455
8495
558
559
3643
561
562
7492
5679
8835
1247
567
568
1513
570
5088
1055
573
574
575
2076
577
578
579
8886
4436
582
583
756
585
586
1970
588
589
9989
591
592
1099
6441
972
6676
597
598
6591
600
8034
602
1116
604
4721
606
607
2845
609
610
6032
6223
7093
2625
1511
7798
5313
618
6802
620
621
3696
2529
3350
9520
626
627
9453
539
2441
431
3194
9885
5553
6078
636
8888
638
8515
640
2358
642
8705
9796
645
8777
3462
648
4129
5504
6735
1361
4724
8223
655
9227
657
5845
8314
8585
661
662
663
7691
6924
6412
8231
668
669
6977
9921
5798
673
674
8642
8838
8701
9480
862
680
3575
682
683
684
6761
4488
687
4138
689
7997
169
9892
398
4670
8955
696
697
3697
5126
4271
6181
702
9857
704
8717
706
707
441
7476
5234
1484
7173
3427
714
3443
716
4876
3525
3130
9137
721
722
4246
5549
1043
726
7709
728
369
5617
6534
732
6301
9770
878
736
4587
5095
672
740
2205
742
7463
9153
745
746
5433
8149
5879
8489
1006
3691
9214
2006
8463
270
757
9073
759
760
761
762
763
764
5056
766
1556
5243
6040
770
733
751
2914
3851
8409
776
9403
9589
2443
3072
4842
948
783
784
785
590
7627
788
2356
117
791
5980
799
3042
1256
796
2143
798
3411
800
801
1801
1596
804
6054
9606
6202
808
444
810
811
812
9060
7883
2118
816
8806
818
9415
820
8917
3172
7561
2109
9342
6463
1014
5809
4210
2247
831
7904
8573
211
7751
2972
6681
838
839
560
841
8724
4231
844
5334
615
880
350
849
850
2330
852
6604
854
3249
442
6166
858
3497
860
4546
1980
678
196
865
8714
3215
3238
869
9867
4771
8579
6909
2165
739
4513
877
735
879
7672
5359
882
3686
884
885
886
5120
888
5813
4606
5427
892
611
4128
1417
896
1324
8675
1907
7791
8256
8403
1611
822
5277
9204
5314
908
8814
910
4920
3996
913
914
915
6208
917
8804
2122
920
4079
6373
8598
4526
9645
926
927
928
725
5121
2682
932
1077
9263
6470
6319
937
3298
2411
940
941
2895
7239
944
945
946
4530
7436
949
950
5523
8723
953
4345
955
9237
8542
958
6232
188
7363
5366
4426
964
9927
966
967
7708
969
1349
5957
9717
9616
974
975
976
977
6366
5699
980
981
1918
942
5447
985
302
987
9167
185
3657
7194
146
993
2102
2773
1925
5063
998
2437
1000
1001
5621
1499
9992
5579
5346
2341
4277
3622
723
9562
1012
9437
8190
8516
1016
1017
1260
893
825
7643
9065
2715
1024
6500
2042
1027
5227
1029
9886
2397
7912
1033
1034
3314
3736
4508
5304
866
1040
3403
1042
1715
5464
7357
1046
6729
2467
7316
8418
1051
1052
2498
1054
572
1056
1057
1058
1615
1060
1061
4863
1063
1064
9883
1066
8267
1068
1069
1070
887
5614
1073
6621
1075
1353
933
6206
1079
6781
1081
242
1462
1084
1085
1086
1087
5742
5181
4367
1091
1092
1093
7273
8455
105
4033
1098
593
5437
9685
1102
1103
1104
145
1921
9967
9515
9387
1110
1111
7573
3918
4380
1115
603
1117
1118
3998
1120
1121
9238
1123
1268
9318
7969
7796
1128
4351
4159
5341
1736
1133
1134
1135
1136
1137
1138
8013
538
8035
1142
3257
1144
1192
6258
7768
9823
7973
5443
6281
1152
1153
8750
1155
4005
7647
7776
1159
1206
465
612
8085
18
1165
6567
9868
1168
3398
1930
6844
2275
7687
9587
5082
7951
1177
7219
1179
1180
5639
3050
1183
1184
5051
7679
8242
1188
6195
1190
7629
2060
5328
1194
1195
8514
644
1198
9875
1384
7321
5713
1203
1204
4668
7851
1207
1208
1209
1210
7013
1212
1213
1214
6353
1216
2767
3837
6828
4711
1221
2448
1223
1224
1225
5406
1738
1228
9372
7893
6265
1232
1233
1234
1376
1236
4613
943
1414
1240
1241
7822
4921
1244
809
3313
3606
5097
1249
1899
1173
1252
1253
1254
2333
545
1257
3276
4229
1018
1261
4798
1094
1264
5955
1266
9719
1453
7835
4382
4088
1272
1412
8361
1275
1276
1277
1278
6559
6045
1281
2398
1283
9755
1219
1606
1287
1288
5412
1290
3071
1292
1293
8604
8932
9140
3466
8733
1299
1300
1301
1302
4168
1304
1305
8611
7178
2852
4823
4455
6602
6951
8121
1314
4974
1316
4805
1318
1039
1320
1321
1322
1323
8449
9734
1326
5024
1328
3800
4162
1331
3145
3171
3783
8073
1336
1337
129
1339
1340
2942
8868
1343
2612
4592
4399
2969
1348
5442
2760
9108
1352
5949
3609
9795
5354
7435
1358
7537
1360
1961
2988
1363
3949
8767
2797
3963
4628
2386
1370
1371
2559
9781
3328
2748
1581
1377
8643
1346
1380
1381
8283
205
1200
4256
8218
8673
1388
6490
459
1391
1392
9099
1129
9898
7225
4856
1398
1399
4269
1401
5828
1403
1404
2300
3722
4861
9871
1409
3535
4323
5497
1413
9699
4638
1416
2935
7824
9537
1420
8444
1422
5635
8808
1425
8899
1809
7072
1429
1430
1929
3102
1433
5260
1435
1436
1437
4494
6347
563
221
1442
9038
359
5512
951
6723
2982
1449
1450
1451
2212
1124
3702
5216
1456
1457
2248
1459
1647
1461
2719
1463
1464
1465
1466
1467
1468
1469
2082
3342
1472
7807
8030
6222
1476
2017
1478
78
1480
1481
6578
1483
3078
1485
8287
1487
3182
4136
8934
1491
9508
1493
630
1495
1496
9186
1498
5340
7696
4929
2020
1503
8012
1505
1506
6754
6089
2482
6984
9192
6022
566
8716
1515
7569
1517
3708
1519
176
3555
5237
1523
1524
1822
2649
1946
4970
1529
7015
564
5382
1533
1534
1535
4862
8374
1044
7676
7859
1541
8703
1543
1544
797
5866
235
6329
7852
5567
5308
1552
846
4249
1555
767
1557
173
86
1560
1561
1562
9496
1564
4258
8709
5139
5923
4492
2366
3558
1572
1573
1574
1575
1576
1577
8137
8291
356
2892
422
3053
1325
2427
1586
1587
1588
1589
271
2210
2194
1593
1594
9438
3151
8019
2736
1599
4580
1601
1602
1603
5598
7238
1286
1607
7897
4871
3964
9276
6643
8281
3513
1874
2991
2207
1618
6609
1620
8726
1622
1623
1624
1625
1978
5211
1628
3269
1630
3221
1632
1633
1634
6042
1636
9802
1638
1570
5253
930
548
3329
9819
8989
2005
1460
4415
1649
1650
3399
1652
3184
1654
6379
1656
1714
1658
1609
9631
1661
1662
4602
1664
1665
8951
2177
7644
1669
6184
1683
1672
7613
1674
1365
1676
1677
1678
1679
6137
1681
5141
1671
6947
1685
2032
9554
1688
1689
6282
7719
8250
1693
1694
4431
2455
1697
935
2276
9025
7175
13
1703
2101
1705
1706
2531
6286
1246
1710
6875
6128
2959
467
929
1716
3064
1718
1719
1720
5910
1518
8903
1724
9067
7441
1727
1728
9354
326
1731
2365
2692
1734
501
1132
1737
1227
1739
1776
1741
3704
1743
1744
1745
1746
1747
1748
2622
1762
6714
1752
8369
7801
772
8622
2606
1758
8124
1760
8132
1750
1763
7945
9184
8440
1682
8159
7754
1770
6364
9919
6053
734
1775
9752
6069
6318
9579
1780
1781
1782
1783
7963
1785
1786
9193
1788
3951
1790
1791
4192
285
8458
1795
3518
1797
262
1799
1800
5454
9793
9027
9460
4053
1806
4696
5706
2785
1614
9472
4832
1813
1814
2250
4506
1817
2310
2172
8869
535
9789
4637
1824
1698
6940
2056
4420
1829
7218
9379
1452
218
1834
5146
31
9020
7010
2675
6734
7542
1842
2927
6324
1845
956
7982
1441
1849
1850
1851
305
1853
5816
685
3230
1857
7247
709
1860
1861
6669
3610
3801
6233
1866
3905
1868
233
1870
6693
1011
1357
9709
8760
7578
1877
7486
4235
9368
1881
1527
1883
1884
658
6556
1887
1888
1889
5362
42
9194
5070
1220
9334
1896
1897
7985
6825
8271
2623
1902
8008
4562
7833
3926
899
1908
1909
8434
3433
2026
1913
4925
1915
1916
3026
9811
4018
1920
9024
3778
1923
1924
996
7028
3880
6925
5944
5381
4413
1932
1933
4294
151
3840
159
5676
1939
1940
1941
1942
631
5515
2311
1882
3429
8700
1949
1950
1405
8064
1953
3222
1955
4013
1957
1958
3041
1960
84
8918
2684
1964
1965
1966
1967
4472
690
2024
1327
4880
1237
2864
3501
1976
1977
6132
141
7842
1981
6841
3432
1984
1985
1986
5259
396
3562
1990
779
1992
180
1994
1995
1996
1997
1998
9812
8017
833
2002
7752
2004
4456
754
2570
5986
2009
2010
2011
2012
5537
7257
5400
2016
3303
6201
2019
5075
3637
2022
5450
5413
2025
2519
2027
8371
5421
5630
1613
492
4446
2083
2410
9539
2037
2038
4687
5187
4644
9386
2043
7070
7145
2154
6507
4870
5301
7330
6654
2052
2053
2054
2055
2093
3254
4400
4172
8225
4677
2062
2432
867
2072
2066
2067
1732
4242
4391
2071
3870
2073
2596
2075
8922
2077
2078
2079
1193
4780
1470
2863
2088
2085
2086
2087
2084
2089
2090
5448
4004
1827
2094
2095
2096
4023
2098
2099
2100
4787
9205
7078
2104
2129
2106
2107
2108
4585
5990
3315
4406
2643
2114
7924
7391
9941
2638
4713
2120
7646
2761
380
7915
6938
2126
4691
3322
8793
2775
2131
9306
8165
2134
7857
2048
2137
5941
466
2140
7082
5129
7434
8656
8615
2146
2251
6177
7526
2150
2151
2152
2153
8528
2155
9251
7279
5176
2159
2160
2161
1721
8096
2164
6910
230
2167
2168
2169
2170
2171
4855
1604
363
1271
5389
8258
2178
2179
2180
2181
2182
1547
4589
4418
2186
2187
781
2189
409
3569
6755
2193
4291
2195
9523
3272
2198
2199
8948
7517
870
3086
2204
2858
1862
7312
9775
6339
130
2211
243
2213
9019
2215
6525
8831
58
2219
2220
7211
493
5933
2224
2225
5488
2227
2228
2229
5964
3676
2810
2233
3756
1659
2236
7749
2238
2239
4238
2241
2242
2243
2244
5784
4211
830
334
2249
1815
6884
2252
3434
7673
8303
3197
2257
7567
8517
2260
5348
2262
7119
2264
8807
8762
4897
9434
2269
2270
6041
1792
3570
2274
9159
1699
2277
2278
2279
2280
2281
5008
2283
1779
3820
9125
6926
2288
3027
2046
2291
3769
2465
2294
2295
9467
2297
2553
407
8151
5500
175
308
2304
8986
8359
3150
7658
2402
9483
5683
8340
2896
2338
4428
3902
2317
4699
9747
6179
2321
9792
4102
5584
4371
3153
4716
1772
2329
3029
7495
6482
1255
659
2335
9051
458
268
2804
9278
5977
2342
1612
2344
2958
5924
2347
2348
9611
9958
3457
2352
7196
2354
2355
3960
2357
641
2620
8644
9083
2362
6455
2750
8173
1373
2367
4173
2369
8442
8027
2372
2373
8147
2375
7498
2377
8252
9413
2380
4617
4254
6629
7738
2385
1369
2387
3773
5906
2390
7066
2392
2393
7541
2395
2396
8194
475
8578
2400
2401
2563
2403
2404
8300
2406
9983
2408
7553
6464
8958
8366
5672
9948
2041
2416
2417
1307
2419
2420
4131
4971
2423
2424
2425
4089
9195
8103
5893
2430
8720
4430
155
8439
5886
2679
999
6835
9814
7155
6211
5125
1991
2916
9199
2446
2447
1222
6447
7499
4904
6773
7423
324
2302
1185
2457
1105
4368
2460
6563
2462
2463
2464
2293
6532
1048
2468
5649
5749
2471
301
3520
4320
1410
2476
3700
720
2479
2480
6311
9826
8139
2484
2727
5804
2487
4792
8966
724
2491
2265
2481
842
6205
229
5172
2444
4575
6869
2501
8739
2503
7097
2505
7817
8847
4347
2509
8443
3325
4228
2513
5492
8650
9584
2517
8625
4898
346
8142
6135
7518
2964
2525
1082
1088
3502
5674
2530
1774
2532
738
9516
7522
2536
2537
2538
2539
7471
2541
2542
9072
7351
201
8985
4350
2548
2549
2550
5194
4170
2687
8727
2555
9101
2557
2558
4776
6769
2561
2796
6097
2564
6842
2566
2567
2568
3753
9726
4933
5148
2573
6402
5885
186
2577
2578
4493
5785
6953
3413
2583
2584
9220
2586
2587
1934
5681
2590
2591
2592
2535
2594
2595
4664
2597
9691
7511
2600
1947
2031
2603
2604
8874
4615
5658
2608
8111
4777
7918
2575
5587
8207
4612
2616
2617
7125
9225
9771
916
8304
4624
8988
1211
2626
6469
5732
2629
1161
4538
5451
2633
7333
2635
2636
1245
9464
2639
2640
3830
5939
1502
4868
2645
2646
8193
2331
2325
1169
5336
6980
2653
8871
3356
5821
2742
2658
1819
2660
2661
2662
8503
6424
2665
2666
2667
9676
6617
2670
2671
1235
2673
4141
3244
2676
7338
41
2436
9806
6543
3522
2683
1963
2685
2686
2442
7648
6266
2690
3720
2514
2693
4888
2695
5738
2697
2698
6389
2700
2701
7509
2703
2704
2705
2706
1643
2708
2709
2710
8039
2712
2713
3781
425
4504
3554
1238
9102
2720
8882
9880
7259
6480
2116
1740
6385
8805
2547
2730
1516
2732
9845
635
9057
6608
2737
2738
2739
1905
3098
8801
3113
2744
8246
496
2747
4744
9139
2191
5889
2752
7448
5852
2755
9312
2757
2758
625
9617
2475
2762
2763
4946
2320
2766
8270
9856
8025
2770
2771
8889
6118
9295
2130
9046
2777
4715
2779
2786
2753
9
1608
4145
990
7811
2787
1530
2891
4441
1239
693
6185
2794
6221
2562
5968
1999
2799
4686
2801
3579
2803
2290
8787
3206
5753
2808
2809
6003
8928
2812
2813
2814
5600
4829
8860
2818
3364
5470
2821
3789
6417
2824
7780
2826
2827
2828
2829
7528
9648
2832
5705
74
2835
3478
4778
8962
9446
2840
1303
4930
6836
2844
9575
4520
9209
2848
214
2850
2851
3699
965
2854
6642
2856
3861
741
5938
2860
7429
3258
3640
1974
8360
2696
2867
2868
4947
7536
9608
2872
2873
2874
9566
7792
2105
2878
2879
2880
9925
8078
419
9979
2885
7022
1080
6903
2889
1394
2789
6491
6308
2894
4067
2313
2897
2898
2899
2900
3228
1798
2903
9132
2905
3095
6573
855
8618
5217
8402
1490
7355
8641
2915
4247
2917
2918
8384
823
9652
2922
2923
9091
2925
2926
1843
9098
7265
2930
9293
1559
2933
2209
7038
3436
2937
5812
2939
2940
2941
1341
4614
38
9384
5693
551
4471
2949
8863
5708
2952
2953
9619
3017
8143
2957
9364
2576
7427
2961
2962
2963
8652
8234
7618
2967
2968
2044
2970
2971
3728
925
2974
2975
2976
2977
8285
2979
6853
2574
8450
3467
2984
7505
6937
2987
3419
5731
2990
132
2992
9219
6576
4014
2996
9621
6774
7925
416
3001
9758
8647
3004
9514
4037
7926
3008
3009
3010
1876
3012
7496
9733
3015
3016
5851
7747
4135
1274
8800
7981
3023
5516
7364
4171
2289
3028
522
3030
3031
3032
5495
8583
3035
3036
6129
3038
2607
255
4741
6434
8487
3044
3045
9383
1282
3048
9284
6961
3320
3052
2117
3746
3055
7678
3057
9216
1566
3060
6516
3062
4527
2846
4190
3066
9594
599
3069
7281
2764
364
3073
3074
7154
3076
3077
8797
616
2855
3081
2202
3083
3084
3085
2234
3087
3088
8524
3090
3091
3092
1474
4352
2906
3096
5581
2759
502
3100
514
3107
3103
1101
4036
3106
2258
389
3109
3110
3111
3112
2743
3114
895
3116
3117
2440
3119
4175
3121
5
3123
2816
8153
787
9701
3128
8199
2960
3843
4997
3133
3134
6928
4237
3137
4764
3139
3140
8511
7692
8204
3144
4785
2018
4577
8520
3149
7311
8396
3152
4515
8941
7241
3156
3157
3158
2051
3160
3161
5607
6439
3164
3165
3166
8504
5292
3805
7869
8289
7654
3173
3174
3175
3253
3177
3178
2334
7442
7047
3397
3183
1653
6086
3186
6306
7232
3189
891
3191
3192
3193
7488
3195
3196
2256
9320
7668
1186
3201
3202
2802
3725
1852
2226
3207
3208
9112
3210
3211
4125
7053
3214
5038
349
8803
3218
463
3220
98
9935
7910
131
3225
3226
5904
1488
9934
1847
3231
8683
3075
3234
7746
6012
3237
5479
3239
3240
2768
3242
3243
7845
3245
3246
3247
5240
8738
3813
3251
6674
5203
3327
3359
3256
9986
2862
4680
3932
3261
3262
3263
9408
3265
9847
9078
4227
1629
2045
3058
3826
3273
3274
5298
1010
4995
1563
3279
9385
7913
3282
8424
3472
1796
3286
889
3288
6148
8747
3291
8392
3293
3796
3295
1831
701
7916
3299
4851
3617
8979
3138
3304
4859
9381
755
1031
3309
3310
2508
1148
1709
1035
2286
9580
263
1471
3319
7344
4453
2128
3323
3324
6250
3326
7958
1374
2707
9637
3331
3931
3333
5310
3671
1178
7134
3338
5478
3340
1532
5511
3343
3344
3345
2515
1263
3348
3349
136
3351
9332
3353
3354
5490
2655
7479
8026
7359
3360
6102
3362
3363
2819
3723
3366
3367
5751
2496
3370
3371
4940
3373
8577
2221
3376
3377
9688
3379
3380
3381
3544
6780
1146
3385
3386
3387
3388
7248
3390
3391
8588
5322
1865
3395
4483
309
2601
8497
5039
727
187
3804
3404
7106
3406
3407
9674
3409
3410
4969
3412
9047
665
9147
3416
8567
3841
4040
3420
3421
5935
2825
1229
3425
7895
713
4806
7164
3430
7826
2435
6014
7905
5575
6033
3437
1686
4813
3440
3441
3442
836
4379
3445
3446
1096
3448
4509
3450
2849
8141
1378
3454
3339
3456
2351
3458
3459
1251
3461
3612
4803
3464
134
1297
2253
3468
3469
1808
3266
2857
4573
3571
8426
9088
3477
5402
3479
4763
3481
3482
3483
6962
9649
5458
3487
3488
8697
3981
3491
5594
330
7970
6142
3496
8279
5921
3499
9706
1580
7383
6483
3504
3505
3506
5149
3508
3509
3510
2721
4828
8355
3514
3515
3516
491
7558
3519
1396
3521
7533
6365
507
718
3526
6070
6220
6473
5055
8510
6294
6930
3534
919
2512
3537
6665
3539
3673
3541
2308
8453
7755
3545
3546
2628
3548
3549
3365
3551
1267
4674
1726
9827
3556
6050
5169
9557
2943
5385
4016
3503
3564
7806
3566
3714
1864
2919
2273
3474
3572
3573
3574
7033
8195
3577
4707
3203
2363
5718
7185
429
3584
3585
6901
3587
4641
4197
821
3591
2039
3680
3594
6871
3596
3597
9226
2133
8534
3601
1811
3603
9397
6275
2135
8681
3608
1354
3361
1062
647
3822
3614
3615
3616
9289
3618
5274
3842
8568
5318
5370
3624
2774
8212
3627
3747
520
3630
8152
5865
2378
7530
3635
3636
2021
3638
9981
3101
1015
7519
840
6304
3645
3176
3647
3648
3649
9797
3651
6596
6893
3654
5747
4652
8852
5826
8505
9831
3661
3662
3663
3664
5854
7540
4566
3668
7116
3355
3335
6100
4815
3674
4992
7016
9120
3678
2883
7689
3681
9034
8189
3590
3685
357
1243
9659
3689
2833
3213
3692
5453
3694
7767
622
698
3698
2502
8924
3701
7809
3703
6075
10
6827
1787
1722
5257
1640
3755
2092
1648
4288
4571
3716
3717
5345
2792
3855
6436
1406
9421
2035
3204
3726
5007
9191
3729
7813
5309
375
5805
3734
6705
1036
2546
3738
3739
3740
5159
3097
3743
9359
813
5540
9407
4650
8870
6423
6200
8779
2569
3754
9054
2033
7043
9048
3759
3777
3761
3762
9440
5839
3765
3766
3767
1828
2292
8404
3771
2445
3745
2384
1447
2216
9215
102
6574
5840
4576
3892
2740
780
8885
3786
3787
3788
7067
8627
9668
499
6950
5646
6410
3294
3797
2047
3799
6361
3568
3802
3803
624
3169
7240
3807
3808
3809
8610
323
3812
3250
5595
4221
2028
9264
3818
7720
2285
6943
3980
3823
9375
3825
2197
9150
3828
3829
9960
3831
7433
3833
5027
3835
3836
9393
3838
4361
2057
3108
6886
2381
3844
6640
3846
3847
3848
5133
2806
4533
789
3853
7978
7921
1510
3857
7320
3859
3860
2602
7110
3863
3864
6430
3986
2865
6756
3869
2065
3871
8407
8657
3874
3875
7346
3877
7775
1621
1927
6542
8688
7653
7130
3885
6963
8546
4104
2059
5554
3891
7062
3893
7493
3895
3791
3897
518
5231
3900
3901
4529
1968
3904
1867
3061
2339
2370
3909
3910
7334
8548
7332
758
3915
3916
3917
1113
8759
6449
3921
3922
8574
805
3925
5764
4101
3928
9670
3930
3332
679
3933
5726
6843
3936
8501
3530
203
8387
9764
4427
3271
6109
1294
3946
4838
3948
3666
3950
2319
3952
2148
5487
3955
3956
3957
921
4810
5925
3961
3962
1367
1610
3965
3966
3967
3968
3969
5145
4830
3972
3973
3216
5788
3976
447
5284
3129
2486
3490
3982
7055
3984
1250
4626
3987
3988
9414
3990
3006
7190
8960
3994
7354
912
5975
1119
3422
4000
8589
4002
4768
8832
7377
4006
4007
8282
5212
4010
9045
9113
1956
2995
4015
7124
4017
2361
4019
4020
3494
4022
2097
3705
6544
8266
3264
4028
4251
4030
4031
4032
1097
6095
4035
1026
8044
9197
4039
957
7162
8816
4043
8670
4045
4649
4047
9185
8001
5723
4051
4390
4358
6547
4055
7065
4057
4058
2064
4060
4061
4062
6312
4064
6697
629
9275
4068
5136
9528
5232
4072
1298
4074
4075
4076
9493
8667
7305
4080
3375
5435
4083
4084
4318
4086
4087
3598
8893
4090
4091
7977
7143
4094
4095
4096
4097
5666
4099
1049
8437
5372
4103
3888
6098
4106
4107
4108
1919
4110
8089
4112
46
4114
6684
4264
2407
8410
9130
8947
4411
1582
4123
228
3082
1539
4127
6302
6627
4130
2728
4132
5692
4134
5780
7367
1400
5661
5065
4140
569
4142
4143
4144
2784
4146
3906
4148
4149
4150
4151
4152
4153
4154
321
4156
4157
9470
7579
1951
2506
1330
5103
4164
4165
5089
4167
6541
5915
2552
4605
5710
6645
3737
2526
4176
4177
4178
5118
794
8850
4182
6056
4184
4185
7371
856
4188
8468
7115
5472
2983
4193
4937
4195
7743
4199
4198
9704
8048
4201
4202
3623
4204
4205
2141
4207
4208
4209
3281
4266
4212
4213
4214
4215
3154
4217
4841
7262
4220
4041
4660
7580
5838
1692
4226
8259
3536
4265
4230
581
8414
4233
4234
6985
4236
2001
2240
9343
4240
4241
2382
5952
4244
286
5532
565
9000
6325
4250
7068
4252
4253
2162
4255
1971
8632
4882
312
4260
4261
1904
6420
6719
6760
4994
1306
2303
8646
4270
1130
4272
4273
7031
4275
6058
5752
7956
4279
4280
6158
8891
4646
9889
4285
4286
4287
3865
4289
5613
5950
9535
4293
5566
4295
5219
1345
6743
4299
5489
4301
6891
4303
4304
2966
3019
4307
4308
9956
3659
4311
8187
4313
4314
9345
4316
4317
495
4319
9655
8545
4322
8075
4324
1651
4326
7474
8512
5062
4330
4331
4332
8665
4334
4335
5086
9253
4338
87
4340
4341
4342
4343
5768
954
4346
7192
4348
4349
2729
1072
876
5556
775
7844
2063
4357
1805
4359
4360
3839
4362
2909
4549
4365
6297
1100
3679
7739
4370
1078
9476
4373
4374
4375
4376
6736
4378
8741
4191
4381
1270
4383
4384
4385
8944
905
3022
7118
3971
2619
4392
4393
2560
4395
6959
8435
329
7779
2058
9556
4402
9644
508
8265
2112
4407
4408
4409
4410
5316
3378
3732
7599
4189
9432
9833
6847
1551
3552
104
4422
8655
1407
6954
3567
63
2315
3321
4268
4344
6013
4433
4434
337
843
8544
1083
4439
4440
2790
4442
3132
4444
3938
973
7188
3774
7415
4450
8749
4452
6964
2196
275
3693
4457
478
4459
4460
9261
4414
5801
4464
769
6404
666
4468
1584
4470
1668
510
4473
4976
4475
4476
4477
4478
394
4480
1761
6260
1108
4484
7790
8091
4487
686
2782
827
1810
25
874
1438
4495
4496
2985
6548
4499
6655
4501
4502
4503
2716
4505
1816
4507
3763
3449
4510
4511
4512
2259
5945
9998
4516
911
4518
114
4462
4521
2485
1385
4647
7901
924
9170
4528
2316
947
4531
4926
2689
3000
4535
4536
829
2631
4539
3565
4541
4542
8699
4544
7695
3424
4547
4548
3790
7107
4551
3667
4553
9543
9390
5356
7040
7642
2237
4560
4497
4826
4563
4564
253
1344
6125
4568
4569
4570
3715
4572
8127
4574
5729
3772
3147
4578
4463
9635
4581
8115
4465
8671
9926
4586
2993
9609
6839
4590
6239
7576
4593
9187
1131
4596
4736
4598
6715
7200
264
1663
4603
4604
9050
7593
4607
4608
8836
4610
4611
2615
1067
5150
6188
6120
4321
4618
9626
6310
8564
4622
9504
6243
2725
4914
4500
4939
290
4630
246
4632
4633
4634
5733
4636
1823
1415
4639
5432
5157
4642
4643
8038
4645
4283
4524
8582
6945
8938
8690
6539
5557
543
5073
4656
4657
4658
6690
1675
3979
8694
4663
6489
5201
1818
4667
6368
4669
694
4671
4672
4745
9427
9260
4676
385
8954
4885
8774
4681
6085
3660
2070
8692
5026
8268
4688
489
4690
2127
1982
4693
7226
6503
9877
4697
4698
2454
9064
7878
5179
4703
5473
792
2948
3578
8277
4709
4710
1894
9097
2877
7416
5741
6025
4717
4718
6929
4831
3731
4722
4723
6663
4725
5358
4727
4728
472
4975
4731
3806
4733
4734
4735
4597
715
9326
6121
4740
1959
4742
8255
4579
4673
4746
9800
4748
6738
4750
4751
4752
7725
1702
5775
9234
4757
450
4759
4760
4761
4762
2434
7919
2518
900
8168
547
9321
4770
871
4772
471
8393
4775
1372
3959
2837
8834
7086
4781
8208
7770
11
1332
9410
7538
4312
4789
4790
6873
2488
4793
8062
4795
1259
4797
4011
3408
7195
4082
4802
2807
6422
6646
2778
4807
1265
4809
2610
4811
8364
7597
4814
3540
4816
4817
4818
4819
5337
4821
4822
1309
4824
4050
6914
4827
3512
7748
4052
5094
1812
4070
4834
4835
9607
3528
3672
4839
4840
3300
2493
4843
5057
4845
4846
6764
7212
4849
8506
6350
4852
4853
9658
2659
2997
4857
237
4218
5528
5273
5918
5252
4864
4865
4866
4867
3920
4869
2136
7103
4872
4873
7782
4875
4889
2139
4878
4879
3307
9852
5188
4137
4884
8182
4886
3223
4554
4469
3866
27
1832
4893
4894
8776
4896
2267
1912
7465
3652
8561
4902
4903
2451
5842
5077
691
4908
4909
2805
6485
4912
7723
6626
1317
4916
2418
2174
4126
4119
372
7876
4923
9888
1642
1279
4927
9996
7469
7683
8128
6579
8483
4934
4915
4936
5106
7042
1368
7258
6867
4942
4943
4621
4945
4363
2869
4948
4949
4950
7712
5760
4953
2201
5109
6388
3007
7207
4959
4960
4961
8011
6021
4964
8745
4966
4967
4968
8648
6101
2422
4972
4973
1315
9890
9918
8691
7395
509
4980
4981
2951
4983
4984
4985
4986
4987
4988
3301
1089
9442
3675
4993
6421
3709
2624
9100
5572
3056
5000
5119
5002
5003
5004
774
628
2306
2282
5009
7128
5664
5012
5013
177
6197
5016
5017
5018
5019
3405
5021
8943
5023
482
5025
2800
446
5434
5320
5030
5031
5032
6805
5034
5035
5036
3311
26
5263
5040
5041
5042
5043
5044
5045
1295
5047
328
5049
5050
4779
296
5053
994
1988
5533
576
5058
5059
5029
5061
4329
997
5064
4139
5066
1520
9273
55
1893
1778
1708
4655
5709
5189
6772
8324
5078
2641
5060
6647
5071
5083
5084
1729
4336
5087
6337
4166
6823
5091
5092
3330
7076
259
6737
6952
7967
5202
5100
5101
5102
8423
795
5105
8018
6074
5108
1421
5110
5111
5112
5113
7843
5115
6371
5117
4179
8416
1202
3992
5122
33
3347
1730
5958
5127
5128
1837
5130
1009
3428
4825
5134
5135
8247
6174
5138
6151
325
1704
5142
5143
6601
4743
1835
2772
2981
3507
3484
5067
8316
7092
617
9582
782
247
438
7710
2383
8368
5162
2749
743
5165
5166
8098
676
6145
5170
608
9994
9904
322
8817
7390
4773
5178
4702
8299
6416
5182
7089
7426
5185
5186
2040
6049
1217
5195
5191
5192
4836
2551
5190
5196
5197
1875
5199
5937
8329
7948
5081
5204
5205
5206
5207
5208
5209
5210
737
4009
5399
5214
5215
8539
3639
5218
6290
51
5221
5222
4066
6369
1591
8935
8783
5228
544
5230
3899
2008
5233
3020
5046
9865
2884
5238
5239
9850
5241
9374
768
5244
5245
5246
5247
279
5249
9373
9116
2870
2483
70
5255
5256
7329
5494
85
6550
5261
5262
9169
5264
9689
2504
7617
5268
5269
5270
6518
4306
4424
1749
8328
5276
3937
5278
5279
297
5281
5282
8370
8605
9023
8422
5287
5288
5794
546
5291
5634
5293
5294
5609
637
5297
3275
8202
5315
2049
5302
9972
5522
9173
5306
7149
8822
6699
3334
7310
7663
7605
4077
2412
9369
5317
5331
5319
5466
1757
9558
5323
5324
5265
9317
5327
9683
7356
5330
5131
7550
5333
6800
5335
3401
5971
5338
5979
1873
3542
5342
5343
3051
6558
6659
5347
164
6062
5350
3341
5352
1935
2754
5355
2175
9316
257
881
8144
7467
5005
5363
7972
5365
9039
1426
5368
7815
9873
5371
2323
5373
6605
9103
5376
5377
9300
7624
1545
1362
6536
5383
5384
3744
3358
5387
3080
2176
5390
5391
5392
5393
5394
5395
5396
5397
5398
4309
2924
5401
2836
7432
5404
5405
7127
9773
5408
4540
5410
7379
9902
3037
5414
5415
378
5417
8630
9114
8624
9400
4730
5423
367
5425
3887
3819
5428
5429
9785
5431
9303
747
7890
7808
7286
1090
9327
5439
9056
5441
970
1645
5444
8163
5446
6352
284
5449
267
883
5452
1402
802
5455
5456
5457
828
5459
5460
6079
2528
5463
1538
5465
2301
5467
6857
5469
2820
5471
4397
2235
6589
5475
6104
853
1972
1021
6913
5481
8674
7923
5484
5033
5486
3229
3435
449
7473
5491
9861
513
5258
3033
1308
1627
5498
5289
5360
8508
5502
7375
650
5505
5506
4847
6727
7795
5612
3318
1445
7290
4008
2061
9525
4387
7608
5519
5520
6519
8051
8045
5524
5525
5526
5527
5213
5529
5530
5531
7380
765
8976
5535
875
2013
9377
5539
7412
5541
5756
5543
5544
5545
5546
5547
1687
9006
5550
9612
3945
7706
9518
7213
4353
4653
5558
5559
5560
8518
5562
5563
5564
5565
3727
9529
5568
5569
5570
5571
9445
5573
527
3850
5576
5577
7729
5719
4
3742
5582
376
6172
1205
4756
2613
8472
5589
9500
5591
1019
5593
6214
3814
5596
5597
7081
5599
2582
5107
5602
5603
2831
5605
5606
5303
5608
7091
5610
5611
550
3599
7139
5615
7141
5164
3224
4056
5620
2296
6675
8406
5624
7261
5626
5627
8181
6969
1395
9302
5632
5633
9738
1525
8037
6848
5638
1181
8712
9718
8273
9965
7222
5645
3794
5647
5648
7596
5650
5651
5652
5653
5654
5655
5656
7181
3068
5659
5660
6877
8056
5663
2651
5665
6948
5667
7911
5669
9768
7024
3560
9711
3646
5675
1938
412
5678
1531
9148
2589
5682
3046
1310
5685
2307
6703
5688
5689
5690
5691
9360
6322
5694
5695
8541
3417
5698
236
5700
5701
2841
8971
2349
3690
4965
7562
7059
6965
3374
5711
5712
6987
8306
7263
7504
5717
9730
3209
5720
5721
7955
807
7049
5725
3934
7820
2068
2499
8866
9591
3547
4635
5734
8079
5736
5737
9254
3810
5740
8550
2527
7029
5744
4917
61
8908
5748
6225
7568
7083
4924
9473
1187
6450
3999
5757
5758
6546
4952
5761
1553
5763
4523
3625
9490
5767
2680
4514
5770
7299
5772
6354
5774
9911
8060
2656
5778
5779
2438
9955
8327
5783
8556
3122
5786
7671
9439
5789
9938
5791
5286
5793
5499
5795
3947
5797
5536
9862
8378
8782
5802
5803
505
6668
6833
5807
7012
536
5810
4978
7885
8597
5814
8484
1854
5817
1684
5819
8389
6144
5822
5823
5824
1455
3677
7635
2003
5829
1434
9353
5832
931
2080
5835
9062
5837
7080
6921
2409
9783
4905
5843
5844
3418
5846
6083
3670
9279
5850
6971
1356
7292
3665
5855
528
5636
4239
5859
5762
5861
5862
5863
5856
8687
5857
5867
8925
5869
5870
7408
5872
5873
1397
5875
7603
6972
5878
749
3475
5881
8949
5883
1838
989
1784
2669
1641
3043
207
5891
5892
2565
5894
5895
7132
5897
5898
7384
5900
108
3604
5903
3227
8092
2389
5907
9526
5909
595
5911
5912
8743
5914
9818
4200
5514
1536
5919
1983
3498
4416
1568
2346
1486
2859
533
5928
5929
8492
5931
7360
2223
5224
3200
5936
5200
8628
9545
5940
6241
5942
8967
9066
2611
5946
5947
5468
1076
8728
1008
4243
4147
5954
1347
1428
971
3190
2314
5960
5833
5962
9274
4928
6071
3815
6757
2309
5969
5970
4599
5972
2593
5974
1605
5976
8702
8475
2928
2798
5981
5982
5983
5984
3337
4765
8456
5988
5989
2110
4337
7507
5993
8710
5995
5996
5997
5998
5999
5585
5542
6002
2232
6004
6005
1878
6007
5079
239
3079
6011
4954
2272
2674
6015
6016
6017
6696
7693
8931
3883
1512
6023
6024
4467
6026
6027
6028
6029
6030
6031
5592
4489
7198
113
1626
6037
352
8476
8278
2030
1635
6237
6044
1280
6046
6047
6048
695
9950
6068
5171
9778
2029
6055
1418
6057
8773
6059
2572
6061
5349
6063
6064
6065
6066
6171
2585
1777
3527
5965
6072
8706
2838
1542
4429
3126
8164
7298
6080
7615
6082
5847
6084
1492
3185
6087
6088
7008
9179
6091
6092
6093
6094
5973
6096
3940
4105
6099
5796
9824
7187
7337
9144
6105
6106
6107
6108
8136
6110
6111
6112
2458
6114
6115
6116
6117
3063
5379
1170
8551
6122
6123
6124
4567
1554
9540
1526
4887
6600
4786
6036
4800
5927
2522
6136
1680
8461
6139
6140
6141
9657
9788
9859
3751
6731
6147
5930
7431
395
6374
6152
6153
6154
6155
6156
6157
2421
6159
6160
6161
6162
6163
8859
6165
8296
452
6168
88
6170
3187
2113
5932
5137
6175
6176
3953
6746
2765
7988
1926
6182
6183
4788
9741
6186
4438
8576
2733
7336
9398
6785
6193
6194
1189
8952
45
6198
6199
9618
3146
8813
6203
6204
3471
3277
5728
2621
9978
6210
5790
6212
6742
7404
9521
6216
4194
9175
6219
7896
2795
549
1162
6224
2470
6226
4325
6228
6229
6230
6639
959
3394
6234
6235
6481
6043
6238
9435
6240
2138
7619
9138
6244
6245
6246
6247
2190
6249
8478
6251
2429
3415
6254
5686
6256
2644
7797
6259
4482
5963
6262
6263
6749
9614
4892
6267
4557
9932
6270
6271
6272
6273
6274
7214
6276
6277
6278
6279
8887
7802
1962
6283
6317
7308
2147
3768
8315
5959
1037
6291
6292
6131
2788
6295
6296
6670
6298
8122
6300
2371
670
6303
22
6305
1549
6307
1712
4118
8448
8358
4063
6313
6314
6315
6894
6976
752
6569
4100
4901
2946
6323
7968
6126
6326
6527
6328
4354
6330
6331
6332
6333
6334
6335
6336
571
6338
2893
6340
6341
6342
8493
6344
6345
6346
5510
2132
6713
4591
6351
9486
7582
6540
6355
6356
3382
8553
6359
9156
8612
6362
6363
1631
3523
978
6367
1917
8858
7966
6034
6372
9134
1482
6375
6376
6660
873
1655
6380
6381
6382
7950
5534
5161
6386
6387
4956
2699
6390
6391
6392
6189
4665
6395
2254
6397
3297
9243
4957
5552
2973
1836
4466
6405
6406
9436
4683
8160
3795
6411
555
4038
6414
9564
4990
3595
6418
8134
6999
4448
355
3750
9602
6425
6426
6427
6428
4979
6811
6431
9517
9922
479
6435
4899
7750
6438
9146
7146
594
9119
6443
6444
6445
6446
2449
6448
4552
6231
6451
6452
7056
6454
4183
6456
6457
7217
6487
6460
6461
5739
2657
3724
219
6466
6467
6468
7409
2340
3868
6472
3529
6474
6475
4729
6477
44
6479
2724
8862
2332
3384
6484
6851
4944
9127
6488
1802
3167
9378
8050
6493
6494
7657
5746
9567
9423
6499
9298
6501
1773
4695
6504
6796
6506
1030
5714
872
6510
6511
8069
5080
6343
6515
4555
6517
2731
8651
6520
8880
6522
6523
6524
4298
6526
9598
3543
6529
7307
2866
9732
6533
731
1507
1074
6537
6538
7315
2677
9860
5184
2681
826
6545
5759
6887
8609
6549
3629
9285
6552
6553
6554
6555
3205
6557
3718
8131
6560
6561
6562
3018
6564
6565
7920
1166
6568
6432
9928
6571
6572
2907
3779
6575
2994
8269
9376
7773
6580
6581
6582
2912
6584
6585
6586
8429
1540
5474
6590
121
7481
8981
6594
7381
5419
6597
6598
6599
7884
8778
5913
6603
5160
5716
6606
3252
2904
1619
6610
7670
6612
6613
6614
6615
6616
5887
6618
6619
6620
5724
6622
6623
8775
6625
4890
7152
7531
8286
6630
6631
4206
6633
1673
106
786
7215
6638
4749
3845
6641
5640
2343
6644
9314
6854
7361
3749
6649
6650
4714
6652
6653
1880
3882
2588
6657
6658
5361
3135
6000
6662
8176
5902
3538
6666
8205
3733
9678
5271
6593
1794
6673
6607
5622
596
6874
6678
9710
6680
837
6682
3593
7684
6685
4963
7906
1494
6695
4659
6691
6692
9340
6694
6689
1890
4065
3259
605
6700
1002
6702
7382
6704
3735
6706
2456
6708
4259
6710
6711
6905
7850
1751
3890
6716
6717
6718
9283
6720
8113
6722
5001
6724
6725
6726
4485
6728
1047
2
1989
6732
8629
8963
7554
2776
5096
5755
6413
6740
6741
1262
294
1158
8500
1007
6747
6748
6264
2230
6751
963
6753
7899
7129
8036
9462
6782
6360
3143
1855
6762
6763
5507
8877
3400
6767
6768
4394
6770
7494
6902
2452
2998
6775
6776
2783
1383
5985
3383
9079
6758
383
6784
8842
6459
9690
6788
6789
6790
1175
7879
4366
6890
2324
6505
9308
6798
6799
9946
4403
2756
6803
273
6289
4421
5156
2388
9305
6810
6791
6812
8494
6814
6815
3816
6817
6818
6819
6820
6821
6822
9166
5477
8821
6826
1936
9507
6829
6830
3235
6832
8781
3024
421
6521
7721
2717
7046
6840
8235
1826
4582
1171
9230
7362
2185
5637
4955
6850
4911
6852
2980
2391
6855
6856
5948
5167
7400
6860
6861
2327
6863
6864
9625
623
4941
293
2500
6870
9769
7839
7564
3236
1711
6876
4854
6878
6879
3517
5551
6882
6883
6377
6164
278
5422
8711
5800
6730
4302
8338
8162
8997
6895
6896
1176
6429
6899
6900
692
5369
2015
6904
2222
6592
6907
6908
2359
4689
6911
6912
9939
1597
6915
6916
6917
6918
6919
6920
8855
8972
73
3414
1928
1522
6927
2663
373
3533
6931
6932
6933
6934
6935
6936
2036
7611
6939
6859
6941
7669
3821
5440
142
6946
5818
4098
6949
4629
1312
6721
8502
4425
6955
6956
6957
6958
9647
6960
1182
5827
3886
7736
3611
2074
6967
6968
9329
6970
9141
1993
6973
4423
6975
6284
8005
5743
6979
2652
6981
6982
7594
7490
7662
6986
157
6988
6989
8049
3889
6992
7532
703
8345
4117
6997
9586
4263
7000
7001
5745
7014
8929
7005
303
7007
1690
7009
5884
7100
7117
819
190
2718
1707
7017
7018
7019
7020
7021
2886
7023
6766
8272
7026
7027
7764
6978
1975
9244
6192
9546
7034
9208
4919
3302
3115
7039
3619
7094
4938
1701
7044
3561
2173
3181
7048
5351
7050
2989
7052
6816
222
3983
6453
9324
7058
4982
8119
7061
9990
9536
7064
332
4935
7548
1885
7069
2497
7071
6983
7073
7074
6465
4720
6906
2103
7079
4059
7440
6632
9646
5461
7085
2081
7087
7088
9809
7090
6672
7182
613
9513
1291
7096
6497
7098
7099
7011
9742
7102
227
7104
9452
7233
4550
8987
6922
5880
2944
7112
4616
1454
3065
4545
5601
4432
8662
2268
7121
7122
7123
4692
7993
3849
1226
2166
2192
3884
7131
9444
7133
1500
7135
7136
8799
7138
2394
2817
6190
7142
4093
7144
4804
6440
8353
7148
5991
7150
7151
649
1150
6060
3653
7156
7157
9909
7159
7160
7161
1053
7163
7444
9893
7403
7167
534
7169
7170
7171
7172
712
7174
5874
8956
7177
7002
7179
7180
6881
5834
7183
7184
863
7186
9041
8021
473
1914
7191
6795
7193
991
9430
3557
7197
5116
7199
8093
7201
7202
7203
7204
7205
3785
4958
7208
7209
9182
4437
7458
2793
3605
6637
7216
6458
1830
9450
7220
6683
8563
7223
7224
2473
8982
7227
4161
7229
7230
7231
5680
3392
6051
7235
1393
7237
1329
6378
4732
9887
7242
7243
8298
7245
7246
1858
3389
7249
7250
7251
7252
7253
1065
7255
7256
1364
5994
2723
7260
5625
3712
8554
7264
2929
5580
7267
7268
7269
7633
8293
7272
7705
7274
1898
9577
232
7075
4003
2581
1521
6824
7283
5696
8933
7590
7287
7234
5496
5513
7291
5853
208
7294
7295
7296
7297
400
1617
5629
7301
7302
7303
1943
9656
7306
4163
6701
6838
6039
7206
6866
320
7314
2069
6320
9924
7318
7319
3858
8825
7322
7323
7324
7325
7326
7327
8876
7370
2050
7331
7552
9157
3911
7335
5769
5702
1753
4419
4877
5074
7342
7343
5344
7345
6255
7347
7348
1546
8094
2544
7352
7353
3995
9615
6804
1045
7358
4796
1335
8083
6846
7389
5901
9968
7366
1489
2453
7369
1567
4186
8480
2714
7374
5503
9075
4631
7378
7934
2121
6595
8431
7858
5899
7385
7386
3127
7388
961
2158
4625
437
9255
5811
6138
8560
3287
7398
7827
1355
7401
7402
7166
2405
8385
7577
7407
8432
2627
7410
7411
7293
7413
7414
4449
717
7417
7418
7419
3632
1616
7422
7368
7424
7425
5590
1167
361
2861
2882
6149
5403
3832
4044
6393
1028
7437
7438
7439
6349
6217
4078
7556
5104
7445
7446
7447
8351
7449
7450
9494
7452
7453
7454
7455
7456
4918
8904
9419
7460
7461
6636
4435
7464
4874
7466
1755
7468
1501
7470
4522
7472
5848
4327
7475
2664
7649
6923
3881
7480
7077
7482
9330
7728
7485
6006
7487
8559
7489
3856
7491
1644
3894
6771
2648
3013
7772
8411
2450
1140
2477
7502
5518
39
5235
7506
5992
7508
9272
7510
2599
7512
8262
7514
7515
7516
3631
9280
9943
7520
7730
8730
512
4174
8059
2149
7527
6287
8343
3634
6628
6993
9248
9256
7535
7341
1359
6471
9815
7724
2890
699
7543
4389
7545
7546
7547
2822
2368
1717
7551
9049
3357
651
7555
7443
7557
3285
7559
7560
6880
6408
9622
7006
7565
7566
1432
5750
8417
7570
9604
7037
5266
7574
7575
2263
9092
3011
9358
4537
7581
530
5642
9951
7585
7586
7587
7588
103
5641
7591
7592
9916
909
7595
5183
3439
7598
3003
7600
5715
7602
5876
7604
1440
8454
7607
7503
7609
3970
3583
7612
6634
365
6081
135
9597
9534
6242
9207
7621
7622
7623
2579
7625
7626
5771
5154
1191
7630
7544
3935
7270
7634
2413
7636
7637
7638
7639
7640
1906
4558
868
3748
7645
1258
1157
2688
7477
7650
7285
7652
5517
904
8685
7656
6495
4115
6759
7660
5806
6146
1821
7664
7665
7666
9301
3199
848
6611
5787
847
7891
7674
8148
9533
1600
4999
6001
7680
7681
6528
1350
8380
7685
7686
9731
7688
5426
2091
9803
7113
6019
7060
3669
8865
7697
9553
7699
7700
7701
7702
2965
7704
4595
5020
7707
1565
5011
3741
8826
4951
7713
6321
8243
2203
7717
7718
231
9365
6862
7722
1859
2014
2157
7726
7727
5364
4705
7521
748
7732
9736
7734
3049
9838
7737
3942
6502
7740
7741
7742
4026
178
7745
8020
2461
9669
7949
6437
6173
3492
7753
9937
519
7756
6994
7758
7759
7760
7761
7762
5445
5896
7765
3782
3695
1147
7769
6809
7771
9164
4932
7497
3878
7816
8481
2510
3770
6090
7781
2556
7783
7784
7785
6744
7787
7788
7789
3372
7960
8608
7793
7794
7849
2489
3656
6010
7799
2642
1569
2936
8046
8178
7703
5325
8754
62
2474
7810
8430
7812
4534
7814
1910
7786
7228
7818
7819
777
7821
1242
7823
2647
5085
3431
8907
7828
7829
7830
7831
7832
9679
8676
1269
7836
7837
7838
9395
7840
7841
9642
5114
4355
7397
7846
2830
7848
6885
2184
1160
1900
7853
5673
7855
7856
7870
5462
280
7860
7861
7862
241
7864
7865
7866
7867
7868
8106
9235
7871
7872
7873
3531
7875
4922
7877
4701
5697
7880
7881
4623
9596
6130
2379
7886
7887
7888
7889
7941
5618
7892
9286
7894
3426
3642
6777
7898
6535
6073
4525
7902
7903
2245
983
6687
7907
7908
7909
9489
5668
1032
1903
7914
2124
960
9548
3641
1477
6566
7690
5388
5483
2115
5180
4708
7927
415
7929
7930
7931
7932
7933
3620
7935
298
7937
7938
7939
8401
7421
9265
7943
9162
1764
7946
7947
2490
537
430
6897
5604
7953
7954
2336
4278
7957
3706
7928
331
7961
7962
5920
2654
7965
6370
1793
4619
1126
8856
7971
5151
7711
8746
7975
7976
4092
3854
7979
5307
4388
8350
7983
7984
408
9304
7987
6180
9380
7731
7991
7992
2618
7994
7995
7996
1969
7998
9735
8319
4049
8002
7763
8004
8906
8006
8007
7271
2534
8010
4962
1504
1139
8014
1022
8016
2000
2374
8321
8606
4447
8022
8023
8024
3852
5386
4900
8028
1840
2415
8031
6207
8214
3105
1141
9109
8120
9346
2711
8040
8041
8042
8043
2524
1446
7803
2834
7661
6990
6492
1038
8052
8053
8054
5173
5662
8057
8058
7525
5776
9694
8344
8063
1952
8065
162
8067
4333
6512
8070
8071
8072
835
8074
1411
8076
461
7430
7457
3978
8081
8926
9884
238
890
8086
3817
8088
4111
8090
4486
5905
4600
2261
8095
2163
8097
4679
2478
1174
8101
3094
456
8104
8105
3170
8107
8108
3975
8110
2609
8112
2741
8114
71
8116
8117
8118
4774
4700
1313
3592
8123
1759
8125
8126
7614
4931
8129
6661
526
9910
8133
6419
8135
3284
1578
8138
4310
8140
3452
2521
8183
1892
8441
8146
8102
7675
1839
100
3312
2932
3125
79
8155
8156
7349
8158
1768
3131
8161
9954
8003
2734
6889
8166
7766
1856
8169
6688
8171
8172
6677
8174
8175
5485
8177
6648
8179
8180
5628
6213
2956
8184
8185
8186
587
8188
347
4490
9542
8192
4109
5132
179
8196
8197
8198
4262
8200
8201
817
711
166
9336
8206
2614
5250
8209
6786
4794
4556
8213
9268
8215
8216
8217
5123
8219
8220
5299
8222
4257
8765
1145
8226
8227
8228
8229
8230
7394
9599
8376
7805
1879
8236
2702
8238
8239
8240
8241
6509
7715
8244
4694
2745
4069
8248
8249
4225
8251
148
8253
8436
7610
8809
8312
1667
1804
8260
8261
7513
8263
8264
8788
4196
4561
2938
688
6779
5275
172
6394
8274
8275
1149
3913
8496
6942
8280
3179
5052
2520
8284
2978
7109
5272
8288
4767
125
6712
790
168
8294
9011
857
8297
7244
5777
9433
9133
8302
2255
936
8305
7236
8307
8308
6209
5956
8311
6236
995
3944
6288
327
8317
8318
6067
8320
3713
8322
8323
2842
4180
8326
5782
8000
6409
8330
778
8332
8333
8334
7339
6150
8337
6892
8339
9722
6671
1585
6134
4267
7632
8498
8347
8348
8349
344
5374
8352
6530
8354
9010
8356
8460
3780
6656
8815
710
5022
56
3707
8365
392
8313
165
5773
5283
6752
8372
8373
1537
8033
8233
2360
4290
8379
3903
8381
3582
8383
7288
7405
8386
3613
9511
5820
8390
8391
3684
7694
8394
8395
8940
8397
6792
8399
8400
7940
3927
4034
3438
8405
5623
3493
8408
918
6309
335
8412
8413
4232
7484
8509
2791
7847
8419
8420
8613
4913
5236
3283
9661
2871
8427
8555
212
2780
6403
1871
7365
667
1114
8254
3719
8438
3480
5765
4820
793
2183
8425
8851
8446
8447
274
3120
5380
8451
8452
9032
7606
1095
3346
4021
5295
8459
8357
9241
5248
8342
3602
8465
8466
8467
21
8469
8470
3752
2921
4684
8474
4445
9686
8477
1127
8479
2511
7777
7529
8154
5815
5967
1423
2751
8488
750
8490
3776
1771
1172
6813
557
4405
3991
76
8499
6745
3581
9210
7655
1389
923
82
8507
1366
3862
4726
9720
984
3093
1196
639
5616
3148
5561
8519
2908
4328
8522
8523
3089
2156
9761
8527
6750
705
8530
8547
8532
8533
3600
9628
8536
8537
8538
8084
8540
9267
9895
1497
94
9650
7221
8531
4783
8549
1646
675
8552
6358
2459
8428
9961
8557
8558
5163
4666
7459
8562
5644
6486
8565
8471
8916
3621
83
8570
8571
7376
3136
3923
8575
4609
3255
5305
3268
17
8581
8953
258
3393
8526
8586
52
6667
4001
4640
8591
8592
8593
8594
8595
7942
9071
5014
8599
8600
8601
8602
8603
4910
6293
6285
9745
1660
1841
2823
3
5357
8421
8614
2145
8616
8617
4071
8619
8620
4517
2200
8623
4739
7095
8626
4364
8742
1954
5418
8631
654
8633
8634
8635
2954
4620
8638
5409
8640
773
5420
8346
8377
8645
4883
5332
1050
3580
144
5521
4029
8653
8654
6974
2144
3873
8658
8659
8660
8661
7084
8663
859
4801
8666
3180
2634
8669
3470
4584
8672
9348
5482
898
7834
8677
8678
8679
8680
3607
8682
3633
8684
5072
8686
7420
9389
8689
3270
4977
4685
8693
4662
8695
8696
3489
8698
4543
2214
677
9840
9037
8704
643
2328
8707
8708
3793
6794
2672
5951
8713
5831
8715
1514
4996
8718
8719
3644
8721
8722
952
2580
8725
3879
8203
7282
8729
351
8210
8732
4073
8734
5922
8823
8737
9849
9578
1154
3444
5926
1311
8744
1448
8758
3290
8748
4451
8740
8751
8752
8753
1473
8755
8756
8757
7974
318
5198
8761
2266
8763
8764
8224
1833
4222
8768
8769
7716
8771
8772
5555
6698
6707
4895
8905
5144
9695
8780
1379
1375
3054
8784
8785
8786
4481
8927
8789
8790
8791
7589
2119
8794
8795
8796
2554
8798
7137
3021
4753
2769
8295
4203
4281
8221
2492
5586
901
8810
8896
834
7126
7304
9497
4042
3198
8818
8819
9022
3985
1807
8736
9891
1201
4158
8827
8828
8829
8830
3914
4219
8833
1458
3896
708
8837
43
3710
6865
8841
2123
8843
8844
8845
8846
2507
8848
3757
4181
226
1427
8853
6849
6020
8457
8857
5934
5687
4276
9757
8055
2950
8864
3118
5730
9110
8100
9356
7804
7964
8872
8873
2605
8875
7714
6765
5090
35
2299
9971
3511
8883
8884
4848
5028
6280
6577
5147
8890
4282
8892
2426
8894
8895
8811
8897
8898
5367
8900
8901
8902
1723
9325
8939
3989
2955
9069
1769
8910
2694
8912
8913
8914
8915
9846
7774
1508
8919
6052
8921
9416
8923
4169
5868
8082
4583
9853
9016
8930
5438
1973
7651
6018
5226
8936
8937
19
2533
803
9355
8942
4292
4386
8945
7372
4120
1756
5882
8950
3532
1419
8861
4678
8664
9651
8957
9469
8959
3993
8961
198
7735
8964
9620
1230
5943
8968
8969
8970
5703
6587
8973
8974
8975
2322
9106
9451
4443
9458
5684
418
8983
8984
9571
2305
3368
5254
7153
8990
7959
8992
4315
8994
9252
8996
6316
8998
6778
4248
9001
9002
4155
9004
9822
9105
9991
1657
9009
6407
3217
8257
9013
9014
9015
6327
9017
9018
5578
2142
9021
8080
5285
9687
1700
9481
1803
9028
9029
9030
9031
7682
9033
6396
9212
9585
1742
1390
5010
1071
1863
9042
9043
9044
2811
486
6797
7276
2206
8130
5722
9052
9053
3711
9055
6944
2735
9058
9059
7500
9061
5836
9063
730
5054
1431
2999
9068
3655
9070
9394
2543
2986
9074
8572
9076
9077
3267
2887
9080
9081
9082
8491
4187
9085
9086
9087
4844
9089
9090
9744
7406
4858
9094
9095
9096
962
5339
6508
8032
9623
9707
2298
9104
5099
8977
9107
1351
8109
8867
9111
7944
4012
9123
5378
3872
9117
9118
2414
379
9121
9122
5754
9124
2876
9126
8731
7057
3465
8621
9131
1598
9337
922
9135
5175
3834
6834
632
5727
7399
9399
9143
5476
9145
311
9128
681
8341
3827
9151
9152
3908
3919
9155
7659
6008
9158
6514
9160
5280
4396
9163
4377
9165
8878
988
9168
5631
3687
3142
9172
9459
9428
6218
9176
9177
9178
3423
9180
9181
7210
9183
1765
182
7373
6831
9188
485
9190
3451
5860
4812
6739
3455
9196
1319
9198
6415
5098
8486
9202
9203
9988
4648
9206
417
4224
2847
7189
7340
3305
89
753
3760
3943
6398
9218
5329
861
9221
4991
5548
9224
8473
3626
656
9228
9149
6845
174
9232
9233
9247
9899
9236
1846
1475
9239
9240
9026
9242
2843
4274
9245
9246
1424
5961
9249
4860
8525
423
9882
382
7393
7534
8824
9258
9259
4675
4461
9262
934
8087
2376
9266
7284
8375
9269
424
156
8237
2632
6261
9222
903
9277
1825
5849
2523
9281
9282
8770
8029
6551
7309
9287
9288
4989
5501
9291
9292
2931
9294
7313
9296
2007
1025
5871
9115
7667
9005
8590
7986
3912
8766
9307
2815
9309
9310
9311
4223
9313
7549
9315
3997
5326
1125
8946
1296
4769
9322
9323
6253
9969
4738
3764
9328
7317
7483
9331
3352
9333
1895
9335
634
1713
9338
9339
9843
9341
9299
5858
9344
3168
6268
9347
3002
9349
9350
9351
9352
6513
7825
4216
1820
9357
4300
7045
310
9361
2650
9363
2345
8839
9366
9367
7328
2023
9370
9371
8310
1696
3758
3824
6196
5538
6888
5480
7989
3306
9382
1945
2945
3280
7030
1109
9388
9171
5225
9391
484
1218
7990
6872
9396
3025
6191
9142
3924
9401
9402
556
9404
9405
9406
2920
9290
9409
3898
9411
9412
4594
7101
614
7462
5290
9418
3159
9420
1766
9422
6498
9424
8170
9426
4474
9174
9429
6133
9503
2853
6076
7120
4791
1023
1013
8445
9319
4296
9441
7631
9443
968
1670
2839
9447
9448
9449
3336
3162
8482
5006
9454
9455
9456
9457
3586
2399
771
9461
8485
9463
815
9465
9466
80
9468
7563
2364
9471
8464
3463
9474
9475
4372
9477
8668
9479
8382
4712
9482
7396
9484
9485
1595
9487
9488
2337
5766
9491
9492
907
7451
9495
3278
8639
9498
9499
2188
191
9502
9848
2469
9505
9506
1285
4682
9509
9510
8388
9512
5411
5987
4404
8009
3628
8398
161
5296
1020
9522
4808
9524
4627
5908
9527
3563
2312
9530
3954
9532
4651
511
8362
7063
8849
9538
5830
6127
9541
8191
8911
9544
7800
3188
9547
7917
9549
9550
9551
9552
7698
9223
9555
4401
3559
184
9559
9560
9561
1872
9563
3308
9565
2875
6119
9568
9569
9570
7524
9572
9977
9574
9920
9576
5242
7289
2284
3316
9581
5155
9583
48
9036
6998
5312
9501
2630
9590
7051
9592
9593
3067
9595
3958
5267
7004
8232
9600
9601
5792
9603
7571
9605
806
5193
4498
7757
9610
5704
8276
9613
4284
2913
4116
9217
1571
7300
8965
6178
2428
3721
9624
8840
1844
3876
8535
1979
9630
2111
9632
9633
9634
7677
9636
9945
9638
9639
9640
9641
3260
9643
6801
1789
7108
1005
719
3485
5735
8301
5588
9653
7003
7114
814
3495
1911
3688
9660
5177
9662
9663
7628
9665
399
72
5657
3124
3929
9671
9672
9673
4799
982
9820
9677
6400
1334
9680
9681
9682
3588
9684
3104
633
1106
4412
2494
6787
2598
9774
127
8061
3396
9696
9697
9698
1754
9748
7387
9702
9703
3589
9705
1901
845
9708
1059
6679
217
6143
9713
9714
9715
9716
4833
5436
5671
8649
9721
1550
9723
9724
9725
181
9727
9728
9729
443
3460
2466
3014
8735
7999
7733
9737
9478
9739
9740
2881
1948
5375
2888
8607
9746
3233
9700
9749
9750
9751
7501
4661
6807
1284
4085
832
1248
9759
9760
3212
9762
9763
3941
9765
9766
9767
5670
1666
9362
9012
9772
542
9692
9914
9776
9777
7478
9779
9780
8099
9782
5841
5251
306
9786
9787
5168
3447
2231
9791
6384
664
6635
109
4054
3650
9798
9799
4747
9801
4704
8292
9804
9805
1695
6808
9808
7882
9810
9675
2901
9813
2439
7539
9816
9817
660
9664
2668
9821
6793
4160
434
9825
1509
3070
9828
9829
9830
4565
9832
4417
9834
9835
9836
9837
6995
9839
5509
2495
9842
6215
9844
428
8145
4025
9431
9666
3792
9851
4881
6858
9854
9855
6588
4024
9858
1725
470
1733
5799
9863
9864
481
9866
2726
2353
9869
9870
1408
9872
1548
128
6991
9876
5916
9878
5152
8462
9881
619
7254
6077
5311
6167
9654
1112
4121
4532
9257
8980
7165
9894
5917
9896
9897
7583
123
9900
9901
1289
9903
2911
9905
9906
9907
9908
7158
6401
4755
9912
9913
2208
9915
1163
9917
3553
3576
8566
671
8309
9923
6442
7140
824
6651
6570
9929
9930
9931
6269
9933
9531
4907
9936
8909
9425
3292
9940
1583
9942
5890
9944
5093
744
9947
939
9949
7952
7584
9952
4245
5037
5781
9250
9957
2350
9959
6299
3500
9962
9963
9964
5643
9966
1107
8433
3047
9970
8881
8978
9973
9974
9975
9976
9573
8367
2125
9980
4113
9982
6996
9984
9985
1143
9987
906
3476
8167
3524
1004
9993
4454
9995
3907
9997
2326
9999
