2500
471
1
2
840
200
5
104
796
8
9
686
51
12
1601
14
15
16
2091
2117
759
20
2488
414
199
2201
2184
26
27
2378
1452
30
422
32
33
34
2232
1991
1120
945
1361
40
1746
42
43
2354
1129
405
47
768
49
1090
2034
2036
53
54
259
2132
57
1304
582
2200
474
62
392
531
487
1749
67
2204
2302
1398
71
72
1183
74
1460
76
1045
78
79
1820
1355
18
2164
917
1136
2471
1255
2058
1306
2181
1459
459
93
958
95
1856
97
1035
1516
1549
2175
1222
1987
2474
934
943
107
725
1736
110
111
112
113
417
6
822
1381
739
119
766
2095
899
123
1983
2155
2085
2025
128
2110
933
1951
132
133
134
1969
2002
762
138
2264
1948
141
1436
2228
548
145
802
688
148
149
533
151
152
2217
1966
155
1654
1648
856
159
160
161
479
19
2314
165
1056
167
2394
673
233
2234
2156
351
614
2277
1104
657
1917
344
828
1895
966
2454
184
1774
186
1301
1429
2422
190
436
1367
193
194
195
639
900
2289
1703
2172
1307
1125
1761
2031
205
206
1988
788
350
158
439
1242
1668
1652
1258
216
217
218
219
2083
334
2353
609
1287
2282
924
227
80
229
1633
1770
2023
1866
142
204
418
384
979
1792
546
241
242
243
1092
1266
1865
1208
1362
249
794
2431
252
253
499
255
1675
1838
703
1929
2497
413
681
263
1439
265
2146
637
674
269
270
2045
1417
371
274
867
1251
2369
278
2379
280
676
798
283
284
1645
1270
570
2324
857
290
1978
1500
911
1605
412
2307
297
2323
23
300
1143
1135
232
1370
1228
306
437
2357
309
310
702
17
2073
314
1671
728
1740
318
222
1156
736
322
1291
1884
1584
511
327
328
329
2447
331
332
2192
901
1501
1294
337
338
507
2032
754
342
343
700
2303
525
347
21
349
733
861
2108
353
547
1521
2365
357
1801
64
1182
1008
362
363
1678
365
68
1529
368
2071
827
2367
372
1681
2123
375
793
1282
378
379
380
381
1566
383
237
385
386
987
1835
389
390
600
660
1620
2359
395
136
24
1094
399
2337
1212
773
1669
404
1401
388
63
903
1990
410
411
1230
1141
2458
684
586
354
400
419
785
1311
320
45
1826
425
572
185
1515
429
553
431
2119
433
144
435
50
313
170
366
244
1705
982
1363
282
445
446
629
448
1088
1013
451
732
1298
610
1447
456
457
2219
92
1378
941
597
125
601
465
494
467
468
2480
2252
0
472
874
1560
1173
476
477
2432
634
1072
481
482
483
2037
1525
1814
954
914
801
490
491
223
359
598
495
496
2096
498
254
1128
501
1811
503
1150
907
1751
339
1857
2372
220
1342
512
908
4
2273
1048
517
800
99
520
1833
513
523
524
1999
830
2257
528
2315
182
493
532
150
534
535
536
1819
1168
539
540
541
542
543
1596
545
240
316
1240
549
550
705
552
358
554
538
556
1265
544
559
11
1121
562
563
564
565
566
1575
568
569
28
571
1130
1636
574
2055
325
1667
1286
579
127
581
22
758
584
2009
416
2406
506
478
103
591
592
593
594
595
2104
1622
1900
617
391
2496
438
1767
319
2211
1961
607
1325
492
454
611
612
1940
2019
1181
616
599
618
1070
620
1882
679
623
624
625
797
859
1643
187
452
1933
632
633
2213
635
636
2203
638
196
640
1440
642
1798
589
1876
646
466
648
649
650
651
652
628
415
2010
656
177
1204
659
407
661
580
65
664
2003
1493
256
668
669
2327
671
1392
2087
268
2416
258
677
1108
622
680
1569
1058
683
2310
685
1561
687
1411
689
1975
1416
2247
2270
1665
695
1300
1373
1752
699
715
122
2020
421
1631
1588
1196
2425
708
1191
710
1787
575
1851
408
808
58
2054
718
731
455
1855
321
723
805
25
726
727
2038
729
1938
1321
1809
178
1946
1680
1711
299
2235
60
423
741
742
743
744
2330
298
522
748
1017
2027
751
752
825
1424
1226
1144
757
583
971
2389
761
137
763
2463
765
120
1281
1609
84
770
771
772
675
396
1187
529
777
925
779
1813
1528
682
783
1154
1538
786
361
208
1504
790
791
792
1612
1750
2440
264
626
1487
88
1956
1084
644
2028
2062
724
588
402
1762
809
1879
811
2098
813
369
1659
816
1458
818
1755
1324
821
116
823
2000
753
826
370
2013
1194
121
831
77
833
2344
835
836
1042
1914
839
606
13
2316
473
844
1486
846
1547
848
849
1597
851
530
1178
1624
670
1984
1618
858
1594
860
173
2268
863
2415
2254
866
1465
1158
273
870
905
872
146
175
875
876
877
878
879
880
890
2199
883
884
885
886
315
180
889
2130
1333
295
2443
894
1937
585
311
898
1497
1418
502
1606
714
904
871
2334
1864
2438
909
910
293
129
171
488
915
916
769
918
919
920
921
1353
923
226
1513
926
927
2348
929
409
721
932
96
1110
935
936
2392
938
939
940
855
1743
948
1980
1791
946
947
2068
949
950
109
1288
953
2397
1185
56
39
94
2346
1385
961
962
963
964
1713
852
1189
968
969
845
1793
1334
973
974
2236
1105
977
978
238
980
992
442
1546
2492
985
986
1303
988
2246
990
288
1564
795
1320
1756
996
997
1420
998
1000
1083
1753
1619
1004
1005
1259
749
555
1009
1106
1331
587
719
1014
1015
692
1763
2377
1019
1020
1517
1022
1354
2296
2433
1026
1164
1028
1029
1574
1823
2326
1033
174
812
1036
1454
1959
1039
1040
1041
837
868
1030
1344
1046
1047
516
1049
464
1051
1052
236
1054
621
500
1057
641
1059
1060
1061
2129
737
2178
1065
1066
1067
426
1069
619
387
2077
2411
1074
1160
1931
285
262
1443
1080
2061
1082
1044
275
1085
1086
1087
1289
286
1531
1091
1821
2160
1197
1095
1096
1097
1098
1099
1100
1967
1102
1577
176
1166
1292
1107
678
2493
2116
1111
1414
2005
356
1930
819
1117
1118
1119
1548
561
841
1123
1698
202
1126
2345
735
740
780
1131
803
1133
1533
1655
2462
716
2410
1139
1140
1257
1142
301
2413
1145
1146
1147
266
1149
1346
1151
1034
2145
784
2245
31
1157
663
1159
1075
1518
1162
291
1027
1165
1683
2418
1682
2423
1170
1171
394
475
1211
1175
1176
2253
82
1179
225
1079
162
91
1184
1818
1186
427
2101
230
824
1174
191
1193
1482
1195
706
317
1198
1199
1200
81
2166
1203
590
931
1608
1532
1231
1209
2384
2126
401
1213
1214
1215
1216
143
1218
1219
1220
1777
1413
1422
1224
1225
2197
1227
305
655
1919
2320
1232
2148
1234
1709
1236
324
775
1239
2341
1021
2180
326
1374
485
1246
1247
551
2364
1250
276
892
2262
1254
1122
2446
484
1918
207
1260
470
1262
2283
1264
1016
983
221
1268
1269
1476
1271
2331
1273
1071
1389
1660
1475
1456
2007
1280
767
2112
891
1284
453
578
1968
1629
1535
1290
1132
108
1293
336
1806
1296
1297
458
608
696
738
1302
1485
1137
1433
89
1018
1308
1309
1310
654
760
1313
1314
1315
1586
1317
1318
118
1587
2238
1322
1323
2287
1299
1326
1576
1328
1329
930
1190
1859
1007
209
1335
1336
1337
1338
1339
1428
1341
181
2072
1600
1345
462
1347
2035
2089
1350
2293
1352
1916
913
1430
1356
1357
1244
1359
1360
292
2408
1910
1364
2286
1366
192
1368
1369
2174
1371
847
2459
1358
1375
1376
2429
1253
1379
712
1502
2284
1383
881
2006
1386
289
1388
1275
1390
1391
2279
1393
1394
509
1396
1397
70
1399
1400
272
1402
613
1404
38
1406
434
1408
214
1410
147
2040
102
267
2158
746
1803
1438
1283
999
1735
1223
1423
341
1425
1426
1427
235
101
1201
1431
2451
537
2452
1435
234
1437
1604
447
745
1441
1442
1025
1444
1445
1446
1545
1448
1745
959
1993
1981
1453
1037
1455
515
1103
1340
140
168
1461
1462
1463
730
360
1466
1467
1468
1469
1470
722
188
2343
1474
2322
1568
1477
1478
1773
1480
2190
829
2274
1484
131
970
335
1488
1489
1693
1491
1492
666
1494
787
376
701
2387
1684
957
2329
117
1503
615
756
1148
1507
1508
1509
1510
2306
1573
1421
2308
1112
250
2295
1161
1627
1520
355
1522
1523
1524
303
2482
1527
781
367
1530
2498
1207
1134
1615
1043
972
1537
1006
1539
1540
1541
1542
1543
1544
720
2489
397
37
694
1550
1551
888
1553
1554
1555
1556
1557
1558
1559
2311
1580
2373
1579
1471
1167
1989
2469
627
333
1570
2383
2332
1263
441
567
1327
287
1578
1563
10
1581
1582
302
576
1585
1744
994
153
2370
814
1970
1592
873
865
1595
1233
850
1598
1747
1769
1050
1602
1603
1267
61
130
1607
698
48
1610
1847
1243
1613
1614
1001
1384
2475
2491
2004
393
2479
1764
1623
854
1625
1626
1519
1628
2069
1630
704
1632
577
1634
1635
2380
1637
1638
1639
41
1641
248
653
1644
2135
1646
1647
2177
1481
1650
1651
1380
1653
2439
1583
1656
1657
1534
815
1276
1661
1319
1663
1664
1163
1738
690
213
403
1717
2103
1672
1934
2065
667
1676
1677
896
2196
166
1003
126
976
2047
1685
443
2242
1473
1689
1690
1691
1562
993
1694
1695
1696
1138
1124
717
2214
1701
1076
906
1704
1837
2319
1241
1708
1796
1710
991
1712
1305
1714
2325
1716
1670
1412
1719
1720
1721
1722
1723
1927
1725
1726
1727
1728
1729
1730
1731
1732
1733
1237
937
951
1737
1692
36
1403
2412
1742
1229
1552
2142
2428
1611
1748
66
1248
806
693
1002
1754
1116
995
486
1758
1759
1760
203
179
1908
1011
1765
1766
603
1768
2094
1812
1771
1772
1479
965
1775
2134
1316
504
1779
1780
1781
975
1783
1784
1997
1593
1844
1788
2198
374
2437
834
163
1794
1843
2239
1177
2048
1799
1210
2340
440
960
2401
1805
2063
1807
1808
869
489
260
2056
1068
189
1815
928
1817
2297
1063
228
1169
1822
1031
2033
1825
1351
1827
2138
1829
1830
1831
1832
2100
1834
406
1836
1658
257
1839
1840
1841
1842
1795
711
1845
1846
1686
105
1849
2321
2355
1852
1853
1854
1205
902
308
1858
86
734
1861
1688
602
505
246
2265
1867
1868
1869
1870
1871
1872
1873
1874
2154
645
1877
631
810
1880
989
2362
85
2165
1885
1886
1887
1888
1889
1890
1891
1904
1893
2131
1496
1152
2466
1898
1899
1221
432
1902
2244
1892
2476
1906
1907
2421
2335
1996
1911
1912
1913
838
2133
922
2285
215
2393
1920
1921
1922
2495
1924
114
2079
1012
2109
2127
2435
210
1932
1878
1673
1935
1936
750
1464
1939
398
1941
1926
1943
1944
1945
1860
2039
2281
2318
2243
912
1952
1953
1954
1699
1490
1024
1958
1599
1010
3
1962
1963
1964
1965
2150
1101
224
135
1591
2210
1972
1973
1974
967
1976
510
100
1979
247
1249
1982
1824
508
1985
1986
658
420
382
7
1786
1992
1451
1994
1995
2216
1785
1998
346
1089
942
774
665
647
2426
2114
1279
2008
73
521
2011
2012
807
330
2015
2016
2017
2018
1896
776
2021
271
444
2024
1739
1450
1114
323
2029
2030
1330
340
2115
560
1348
52
1332
2141
1590
804
2041
1901
2043
2044
2022
2046
1499
643
2049
2050
294
2052
2053
2473
2396
231
245
75
2059
2060
1081
239
1295
2064
1674
2066
2067
2456
952
2070
1419
1343
307
2074
2075
817
480
1572
1942
2080
2081
1915
2339
2084
1495
2086
2187
2088
460
2090
2444
1883
2093
1153
764
497
2097
98
2099
1217
1188
1278
1073
596
1804
2082
1349
352
1434
1514
2111
277
2113
2405
2076
1802
853
2118
518
2120
2121
2014
864
2124
2125
709
55
2128
1062
1616
1894
1415
2106
1776
1757
2136
2137
1828
2280
2140
1925
2218
2143
2144
832
2159
2147
2376
2149
154
2151
2152
2153
2403
463
172
1245
424
1506
1093
2161
2162
2163
83
820
1202
2167
2168
2169
2170
2171
35
2173
304
1960
2176
2272
2179
1662
212
1741
2182
2183
2195
44
2186
169
2188
2189
1649
2222
558
2193
2194
1778
1113
897
1789
882
1064
1372
2202
2026
2102
2205
1790
2207
2208
2209
1971
605
2107
1810
573
2215
1038
1077
1449
1571
2220
2221
2381
2223
2464
2225
2226
2227
2001
2292
2230
2231
956
2233
1734
1032
1782
2347
1724
1235
2240
2241
1687
1950
1903
1155
106
2374
2248
2249
2250
2251
2042
1797
1261
2255
2256
2291
2258
2259
2260
2261
2266
2263
139
1863
1312
2267
862
2269
1206
1697
1567
1274
1483
1432
2276
843
2434
1718
2139
450
1180
348
1382
789
1365
1023
2288
198
2290
527
2229
449
2294
1707
1472
955
2356
2299
2300
2301
69
345
2304
2305
1511
296
211
2309
281
2051
2312
2313
164
755
842
2317
1949
1706
944
1928
1277
691
514
1715
747
461
2328
1881
183
1272
2478
2333
1679
2436
2336
1053
2338
1977
430
2185
2342
1862
156
2275
428
1700
1816
2349
2350
2351
2352
604
2157
713
2298
526
2358
1172
662
2361
1055
1666
29
895
2366
630
2368
377
1589
2371
1395
2363
557
2375
1078
201
1457
279
1387
1850
2382
1285
1800
2385
2386
1498
2388
59
2390
2391
778
1252
799
2057
1642
2360
2398
2399
2400
2105
2402
697
2404
46
1536
2407
1409
2409
2206
887
90
1505
2414
2271
373
2417
1565
2419
2420
1947
519
1848
2424
707
1238
2427
1640
1377
2430
251
364
1407
2278
1115
2191
1405
1957
672
124
2441
2442
893
312
2445
1256
2122
2448
2449
2450
1127
1909
2453
782
2455
981
2477
2212
1875
2460
2461
2092
1702
2224
2465
1897
2467
2468
157
2470
261
2472
1955
115
1617
2237
2457
2078
1621
1192
2481
1526
2483
2484
2485
2486
2487
1512
197
2490
1905
984
1109
2494
1923
87
2395
469
2499
