2500
1210
2222
279
1490
90
1050
1079
841
1352
947
1791
629
608
55
2026
165
1333
48
781
1061
184
978
200
1078
1047
356
2493
513
252
2136
396
1244
771
708
1944
1943
1867
2308
812
716
1365
2162
619
488
1413
604
478
2075
919
466
694
1283
2467
833
1324
1572
2105
2180
407
2367
2
703
780
1337
262
1264
1396
649
1224
1149
1145
1901
601
511
2133
1536
416
2010
359
535
349
615
2132
1238
465
1216
58
326
2225
840
1260
444
770
976
2382
974
275
678
1280
309
1113
1777
2237
1232
636
1300
1842
701
542
2099
959
1369
736
2197
402
890
176
150
443
609
2114
529
384
1373
1664
2436
1655
857
2356
130
1118
1728
282
1416
1750
980
755
1023
342
2302
1854
1041
1647
559
1937
955
307
789
66
447
963
536
1762
1884
885
1894
2342
54
1990
661
1796
1338
39
2455
2198
1157
2273
2314
774
1044
692
1738
2208
803
863
2376
247
270
1378
1761
1530
541
1142
1276
2377
480
1731
1921
1932
1609
1366
1479
1348
2423
1989
1923
1429
875
502
2311
2049
222
1740
936
632
1759
1134
1721
858
380
246
339
1547
2206
798
286
519
1376
2274
1278
392
1905
823
2317
916
201
2202
1763
2091
387
687
1242
698
2024
233
490
1958
1855
2186
1955
1727
1178
775
442
2255
2036
953
1658
2204
1484
350
1295
1902
1363
260
131
1612
2238
1518
1619
1581
1267
1615
1120
2360
1778
2403
1339
1012
1273
22
2341
2277
1825
1167
463
1526
2275
793
82
2003
787
230
94
1933
1077
1678
760
2369
1780
2428
1794
1299
2448
2071
871
132
1171
171
935
283
1998
109
2001
1046
2142
1653
1031
1253
684
160
2483
686
258
2129
707
2481
316
1768
185
1875
1285
2263
1847
1984
2194
2226
972
1588
911
2207
476
1771
888
2320
2438
1114
1720
1207
2227
92
2102
757
720
454
845
296
2262
1565
655
603
2115
1229
335
646
306
1977
723
1806
2106
2292
2178
47
705
973
1709
2082
1474
1332
805
1556
2453
483
29
1823
1652
60
1192
2039
1410
1861
913
329
560
1508
2365
862
1245
2122
815
1583
266
1217
2013
1263
549
231
1845
1226
2025
2452
1890
2243
706
438
1155
451
1514
2300
274
2362
285
817
2319
400
409
177
1597
1014
2499
2240
1793
2007
1903
2033
2454
1841
1914
1916
1124
405
1446
1072
395
1008
432
2161
1037
843
2248
1304
161
2373
336
1084
1246
1959
2368
1939
1316
2123
372
651
1803
557
1284
1758
71
114
1184
123
1824
1424
822
548
710
1307
2138
93
1534
2085
1131
1438
1820
1724
86
779
987
896
962
948
318
45
1040
1294
595
1573
2490
1109
1179
108
634
287
1450
1237
196
1899
487
944
818
319
565
552
180
59
1020
1069
1549
994
1004
50
1027
1993
1560
1965
1467
1963
1684
908
1870
1981
2040
153
1725
1364
1716
2201
1598
347
545
622
1561
492
1623
61
2408
1929
234
1322
1924
643
504
2435
946
382
1705
2361
1827
2200
427
1457
1393
1891
635
2203
1834
804
865
2163
1026
2070
1969
832
35
2437
1186
625
784
620
1805
1630
870
1036
998
14
753
1356
1713
2476
2468
522
1431
1992
386
87
219
1088
1343
207
1878
1344
1766
1437
2077
1603
452
1702
2390
1726
1000
2074
715
2011
650
2284
1319
254
2060
2116
152
960
430
2087
524
259
1052
1693
568
2267
796
1830
660
1723
2419
1564
2057
1745
1909
1330
2145
2189
652
842
1440
2352
748
942
940
98
712
526
1030
2387
218
2488
1873
1883
1662
101
1779
1105
1485
2130
2304
1038
2021
2150
299
599
1286
1469
301
1829
2131
2054
1320
1161
1130
133
1455
786
1654
1949
1379
1382
151
577
1013
1816
1843
2424
381
696
1140
2404
617
1747
794
462
1200
1624
1997
248
2146
473
790
969
2169
785
616
1169
2119
1712
613
2475
84
1751
484
2291
1696
1821
1822
1558
489
2406
28
1538
1208
1501
1594
910
1892
327
1688
1941
1506
2188
1499
1828
2121
2160
397
1962
1480
551
930
1174
15
981
544
2374
12
324
1784
1516
2417
1711
2034
997
506
192
1043
20
1523
2328
2061
2120
7
607
2405
1166
1953
2031
2288
691
371
2473
514
2431
2191
1400
1864
1442
1586
245
1492
1436
1673
1209
923
2410
497
2151
537
943
1460
1541
2019
1290
675
1677
2425
1799
46
2215
2486
699
1629
1137
294
1718
1153
1634
1403
2393
2144
932
2470
727
1471
1625
525
250
1633
682
1550
1195
587
52
1100
2409
1951
2038
23
1680
1250
1228
62
735
1414
368
520
124
950
1394
1887
563
1089
2298
1392
1090
264
1099
1592
2141
824
906
1204
244
1189
602
273
993
360
106
1957
11
63
2181
1535
2236
2244
30
1772
1935
2174
591
1466
1611
348
1451
1321
1070
1744
80
241
111
393
1814
2229
159
1961
378
1960
2303
190
1789
783
440
434
1289
2397
1148
1543
1201
1735
1325
767
406
2465
1742
849
445
1493
1865
1773
2218
1370
671
999
1569
2449
188
902
2391
268
2012
883
456
2351
2439
2381
311
33
555
1818
996
83
700
1752
399
977
662
437
394
952
1476
1247
1458
1512
1882
1832
1067
1406
1154
766
375
1421
2269
1308
1776
681
1853
610
1368
1988
666
564
2062
1857
1233
2053
390
24
1999
1251
43
1222
1275
991
302
1765
44
1086
562
2239
136
1156
1817
1529
2241
2285
1554
1402
578
1604
1389
725
1240
507
1225
1151
1329
2148
2349
125
1215
1879
2065
576
1679
226
1952
1994
1532
1277
1631
1940
588
2173
901
761
127
1212
2440
1840
2480
806
2199
516
1435
2383
1810
2064
1432
1578
1555
1876
1858
1025
570
752
1428
341
2268
2398
1542
2134
365
457
1620
2023
829
2407
325
278
1967
49
2164
2055
134
2125
1380
898
2338
756
2006
237
2230
515
874
1503
1908
320
792
791
2266
4
1833
1387
2426
964
255
2008
1904
900
640
797
1975
1498
2388
144
1510
934
838
1886
547
1152
1349
825
1258
112
2233
1127
1236
571
1919
1595
105
800
2183
2098
1616
1877
1336
2223
1128
878
1350
986
2032
2401
1636
2339
574
1568
34
739
1108
276
385
217
149
990
77
1163
612
1610
1021
1249
1982
2413
157
355
1972
925
1888
280
1622
1202
499
802
1701
1606
561
74
1391
1872
1991
175
754
2399
1323
2124
856
1540
1947
2286
1811
458
1048
116
1039
2282
263
722
575
1259
1661
1425
738
1475
1915
1809
228
1782
2257
1489
1911
1422
2059
486
859
169
2487
1405
2345
1359
1456
572
1473
2058
1880
1176
199
1736
1722
1221
654
2127
1895
2445
174
284
847
717
1815
421
186
1826
1632
346
1003
1577
253
1813
5
1682
586
1367
2258
1672
1491
142
975
2346
949
99
1094
1488
2330
631
1362
1183
137
2276
1062
1
1187
467
1525
1528
2280
128
1917
410
1028
1345
892
836
508
1862
745
1162
2212
334
927
593
2385
383
1593
1783
1098
1271
1562
362
1691
1930
1907
867
958
2496
2295
2422
102
1199
2193
558
2063
2101
633
2293
272
821
1164
1764
956
2350
1948
2340
78
2192
10
848
658
2414
2301
435
979
1317
670
861
314
1571
419
904
1798
1383
1065
2394
734
1848
638
1296
2110
1971
27
1617
210
1205
894
1546
126
2457
828
1454
659
1016
1254
1792
2264
1694
683
1788
2251
1303
1138
1618
645
1687
852
903
298
76
914
1213
1837
1426
2432
1355
1111
2279
1650
759
220
446
194
2216
872
1011
477
2354
73
1856
1125
1335
449
91
1639
1076
1922
118
2152
1398
1443
1774
592
1104
2044
290
1481
1494
933
1064
1377
1141
746
494
2128
51
461
1819
2195
1692
1372
1119
677
225
772
673
2108
358
213
1482
1644
1420
426
1656
540
2322
704
2172
238
1159
455
664
917
893
718
1298
129
204
539
1755
1801
420
2434
2081
1920
1409
352
518
1802
2213
344
2078
1136
1407
1906
2321
1465
1995
921
731
158
1590
2156
103
2309
1553
1261
2095
1279
2028
26
25
297
1434
2027
1521
2272
2118
1575
369
1770
2016
626
2147
2446
1544
235
1005
1087
1850
1524
2030
379
1374
267
1670
751
1243
295
500
308
1401
1033
1214
1860
2009
1608
292
811
172
16
1808
623
1966
1262
366
1235
1234
1519
317
1732
300
2329
1165
2076
2112
1527
750
2471
481
1107
1281
1589
403
532
2107
1787
221
2047
2359
589
364
1539
261
1384
1674
2083
1973
1900
1487
1635
1257
1559
598
474
850
988
166
672
2386
85
628
1268
1968
1626
304
639
546
97
1897
2305
429
920
1849
2463
768
1839
584
769
2462
423
1083
361
1092
1227
1786
1417
2143
1730
1439
168
425
2252
1790
1313
1950
2249
2392
1760
1515
1706
183
322
877
18
2498
801
2281
1430
569
554
882
357
1055
1029
205
367
1447
2037
2485
1147
2184
611
728
312
1182
2260
1500
726
585
1340
2456
203
2253
2316
485
1685
1139
663
2205
155
2232
1231
17
2420
895
846
495
332
1291
2093
905
1462
922
148
2380
119
2221
782
53
475
907
1419
1270
146
897
1846
2066
2491
1305
1717
1601
967
688
2489
2450
313
373
2182
721
729
1143
1241
1831
1683
1206
1974
1318
2210
2495
2337
2196
1640
2415
1180
70
1746
719
1945
1898
835
580
749
1979
1737
517
1381
178
1123
1397
2479
1399
2140
1371
627
1851
2211
1852
414
37
2313
206
64
1060
1160
2307
120
193
413
1980
689
1881
1132
162
2306
530
2094
2067
938
590
491
345
1463
2464
1444
1643
163
533
837
1010
714
1073
778
1580
2100
2323
1477
1326
1252
448
2378
1198
807
1964
441
711
656
1700
65
2046
1346
2217
982
2458
2441
2278
2344
1190
1739
1054
674
1659
1566
1126
2002
1660
1452
1468
2246
2084
550
641
277
2312
38
1093
2363
2355
876
1448
310
1785
56
2379
931
2220
2497
697
1170
1869
1354
1265
523
1388
954
2167
428
464
1441
668
912
2035
2261
556
1288
937
1913
122
96
1310
983
1582
1102
1255
799
1496
470
2096
2492
1795
1110
2429
391
2336
1066
1150
1681
2482
2343
1537
928
1181
1461
2042
2334
1741
1360
89
676
139
1889
1082
198
1058
741
1173
141
303
1248
1668
1605
189
961
2048
2347
1024
2088
1395
594
115
229
2029
1749
1146
1017
75
763
2050
777
1172
808
376
1642
1502
665
117
1531
566
2086
1910
1733
2296
1954
1551
2325
265
827
40
412
816
104
810
269
971
472
2015
2231
939
164
1390
1859
498
891
637
1075
758
493
1080
2190
1015
567
709
2335
1946
1418
1699
1600
1926
187
19
951
945
1983
1509
667
2254
1085
2234
965
1936
844
2333
918
2416
1714
2051
713
1168
1729
2187
1753
1585
1068
2175
992
2242
621
1533
1334
839
1096
1051
2235
642
2270
1495
1223
521
2165
501
450
1743
1934
1627
2224
1807
1671
1570
970
1925
227
1893
315
1049
1587
1987
1812
1996
1272
281
256
2209
669
1844
1579
257
1734
966
1121
1775
214
2287
1472
1513
41
657
743
1116
2214
1433
1918
1115
2289
1505
2353
1059
147
1486
2358
36
377
1781
2372
1035
31
1470
881
1117
1056
1557
143
2153
531
1769
135
271
1698
239
289
1301
1331
1122
880
460
2418
305
1885
32
404
81
401
1001
1504
854
2460
1985
831
509
2348
242
211
333
813
2283
1315
2290
2433
2179
1063
1341
1646
424
2366
1007
1676
2103
1663
354
1576
21
2154
223
1293
1097
1628
2466
2265
351
795
2170
251
1613
232
1415
1657
1754
1667
417
453
1478
2447
468
1095
2332
941
2477
647
899
866
573
1158
762
2271
2364
479
2326
1596
1689
2022
685
820
887
809
989
1602
181
212
1353
995
439
724
2331
9
1269
1411
679
1287
321
8
1357
1621
1928
1938
236
1230
433
469
653
496
737
1464
2371
1912
764
1767
834
2052
860
1757
1697
1715
240
1057
1517
744
2137
2159
1563
2069
69
1197
2478
527
1175
985
2157
100
915
924
3
1185
1133
13
1019
1129
1607
2310
2168
968
1112
1648
436
1311
1042
2411
2294
1188
1871
2080
2089
2072
2324
1302
338
2459
929
1645
1006
534
886
2073
179
1976
819
288
889
2430
328
2474
1836
2299
1375
1218
2451
88
2245
330
2097
614
884
2256
648
1545
154
2297
1804
1956
353
2375
2442
1942
1710
826
431
1022
215
1986
471
1358
1144
596
374
1896
730
869
1386
1312
1239
1866
2384
1800
1211
1196
1018
776
1748
0
690
415
1103
830
2045
323
702
2126
1034
1719
1266
1591
1408
1567
926
1053
1309
6
113
773
389
1686
1835
1449
693
191
1520
68
1522
600
583
1707
459
879
1703
1220
1306
2443
1863
2228
156
2494
1459
510
1797
173
2389
2484
851
343
1314
1342
1507
2014
1638
2315
110
107
512
814
2396
167
553
1641
1412
1574
388
2395
1002
2461
2090
1497
1931
2017
1423
984
202
1978
1838
2472
1101
1193
1328
79
2109
482
733
1327
747
340
2318
208
331
2149
1584
1135
579
740
1297
581
1874
1194
2444
249
1669
1927
624
2068
1347
1091
1970
2427
2111
2018
582
2155
411
57
788
370
538
1191
2370
2469
1649
1704
1665
1552
2412
605
195
1074
67
2259
597
291
1868
1292
1445
1690
1483
1427
2104
1351
873
853
644
864
2043
909
2250
2357
2158
1032
398
2171
2176
216
2000
1071
1675
543
2020
742
957
1256
2166
145
138
243
680
422
1708
1614
528
2092
2139
2327
293
2177
1203
1548
606
209
2402
855
765
1385
182
630
95
72
197
1599
618
2004
170
1274
1219
1666
2421
121
2079
2400
408
1695
1511
1756
505
2247
695
732
2185
1651
2117
2219
224
1361
2056
2113
2135
503
2041
1637
1106
418
42
1282
337
1404
1177
1453
363
1009
868
1081
140
2005
1045
