10000
5983
1
2
3
4
1844
4158
132
8
9
3519
11
12
13
14
3426
16
17
2405
3424
20
2323
275
2888
24
25
26
2098
28
29
1110
2427
32
1665
34
35
36
37
38
39
40
5870
2157
908
44
1172
46
47
6154
49
5256
51
2038
53
54
55
56
6157
58
7263
60
61
62
63
64
8858
9296
67
68
69
70
9449
72
73
2591
8106
76
6994
3765
79
80
6981
4475
6761
7518
2163
6499
7262
88
89
90
91
92
93
6978
95
2677
3682
367
99
100
101
102
103
104
1766
106
107
108
109
110
9441
112
113
6101
115
7508
117
118
119
2395
121
6134
7939
1262
3721
126
127
4061
129
130
131
7
133
8075
6963
3890
9531
5986
3335
853
8097
6536
143
144
5423
146
147
148
149
150
7732
2949
153
5866
155
1891
157
158
159
160
161
8472
163
164
165
2629
167
6181
169
170
171
172
3102
7918
175
176
177
178
179
180
5226
182
183
184
2487
186
187
188
1223
190
191
192
2495
194
195
196
197
2709
1068
2496
201
1595
203
204
9964
6663
207
208
209
7605
211
4387
213
214
3917
7354
217
218
219
5038
221
8185
223
224
1936
226
956
228
229
9314
7330
232
3275
7602
3174
8545
237
238
239
8757
7932
5170
243
244
245
246
247
248
249
250
251
9102
253
254
4481
256
257
258
4057
260
4679
262
5544
264
265
266
267
7963
269
334
271
272
273
274
2873
276
1594
7541
279
6991
281
282
8581
332
2658
8600
6007
288
1663
290
291
292
293
294
295
296
297
478
299
2766
8608
302
303
2538
305
3886
307
308
8547
310
311
312
313
314
3854
5082
317
318
319
320
321
322
323
8846
325
326
5549
2360
329
330
1931
284
333
8517
5740
2926
337
338
339
340
341
342
343
344
345
346
347
348
349
8884
351
6305
570
9721
355
9824
357
358
6939
360
2492
8182
4928
364
365
366
98
5449
369
5505
371
2279
9363
374
375
5710
7352
378
7889
380
8355
382
4789
384
7421
386
387
388
5365
390
391
7290
520
5641
8109
396
397
398
255
400
401
8739
403
404
405
406
407
1513
409
1730
411
412
413
414
415
416
8127
5945
4250
420
421
422
423
424
425
426
427
3409
429
430
5777
432
9420
9266
979
8702
6577
1263
3462
8196
441
442
443
3440
445
8430
7818
448
6417
450
451
452
635
454
8720
456
457
458
7829
8591
461
462
463
8027
465
466
467
8208
1650
4306
471
472
473
474
475
476
477
298
6685
8674
481
482
483
484
485
5655
4893
488
5623
3217
491
8544
493
1239
7312
6883
497
2220
499
500
501
502
503
504
8290
506
3159
508
509
3254
511
512
513
9090
8289
516
878
3347
519
393
7583
522
523
9130
525
526
9464
1102
529
530
9616
7914
533
534
535
7790
537
538
539
540
541
542
543
826
5530
1330
19
548
1631
550
304
552
553
6325
555
556
111
558
1983
560
561
2644
7522
9538
2982
566
567
9364
8436
6159
571
572
573
9474
575
576
577
578
579
580
1961
6697
6038
584
585
586
7780
2790
589
590
591
8133
593
9612
9150
8582
3297
598
599
600
3681
5965
1689
6738
605
6215
607
1094
609
610
4094
612
3331
614
615
616
707
618
619
620
823
622
623
624
625
3213
627
6406
629
630
8385
632
633
634
453
8840
9517
9312
1329
640
641
642
643
644
645
225
6031
648
881
650
4427
652
653
8698
655
656
657
4032
659
4688
661
5763
663
664
665
666
667
2345
6947
8022
671
5594
1241
674
2267
6980
677
678
679
2613
681
682
683
684
1955
3108
687
688
689
7836
3305
692
6976
694
695
696
1840
698
699
700
701
702
703
704
705
706
617
4019
709
1411
711
776
4586
1258
715
3148
4259
718
162
720
721
722
723
1020
2810
1974
7857
728
729
730
731
732
733
734
735
968
737
738
739
740
3537
742
743
744
8495
7453
747
8829
6047
750
9354
752
753
754
755
331
757
758
2597
3550
761
762
763
764
765
766
767
5418
8479
770
8202
772
773
4659
2682
712
777
2874
779
1186
781
782
783
784
785
7784
787
788
6810
790
791
792
751
5671
8258
796
797
798
7789
697
801
3517
803
9188
805
806
807
808
5320
810
811
812
8932
814
815
816
6768
3284
9453
9351
821
822
621
824
6470
544
827
828
7111
830
831
832
833
834
835
3688
837
838
839
840
841
842
843
6033
845
4458
847
6498
849
850
851
852
140
854
855
856
5598
858
3035
4216
861
862
1374
864
9032
2491
867
868
869
870
5622
6551
873
874
875
876
877
2407
7576
880
3779
882
5720
884
885
886
581
888
7526
890
891
892
893
6865
895
4770
2335
74
563
5758
901
6591
903
904
905
906
907
43
909
910
911
912
2698
914
1917
3088
917
6156
9910
920
921
922
923
4409
925
5807
927
928
929
930
931
932
933
934
935
936
937
938
939
2176
6556
942
6985
944
2895
946
872
9065
1749
950
4615
3783
953
954
2534
1798
957
958
5194
960
5434
962
963
964
965
966
967
7269
7036
970
971
972
973
974
8329
976
8843
3181
1252
9120
981
982
983
9969
985
8119
987
988
989
990
1777
992
993
994
995
2936
3619
4178
5406
1000
9957
5492
1003
1004
2960
1006
1007
1008
8440
7458
1011
3805
6924
1014
1015
1016
2505
1018
680
8516
2544
1022
1023
1024
1025
2275
1027
1028
1029
5386
1031
7623
1033
1034
1035
5296
1037
1038
1039
1040
7129
1042
1043
1044
6597
9459
5390
6843
1049
1050
3013
1052
5005
1054
1055
1056
1057
1058
1059
1060
7434
1062
1063
1064
7275
1066
1067
199
7987
1070
4273
1072
1073
2681
1075
1076
8021
1078
1079
1080
1081
4314
1083
1084
1085
3642
1087
1088
1089
4857
7472
1092
5809
608
2622
1096
1097
1098
1099
1484
2436
6003
9005
1104
3853
1106
1086
4181
1109
30
2859
6792
1113
2445
1115
1116
6601
1118
2277
1120
1121
2588
8811
7927
1125
9574
1127
6799
1129
1130
1131
1132
1133
1134
2750
1136
1137
1138
8138
5962
1141
3734
5761
4441
7403
8565
1147
1148
1149
7322
1151
1152
2755
9066
1155
1156
1157
1158
1159
1160
9603
9593
1163
6593
1165
9955
7171
1168
1327
1170
1171
1523
1173
1174
5237
4280
1177
5596
6097
1180
1181
1182
1183
1184
1185
780
8428
7075
1189
7365
1191
1192
1193
8583
1195
1245
9637
1198
1199
1200
1350
1202
1203
1204
1517
1206
1207
1208
5829
1210
1211
1212
1051
1214
1215
1216
6511
1218
7207
1220
1221
3494
189
1224
4873
8575
1348
7244
1229
1230
1231
9431
2786
1234
1235
1236
1237
1238
494
1126
673
1242
6275
2760
1196
1246
2530
1248
1249
1250
4121
5907
1253
9900
1255
1256
1257
714
9029
4701
1261
8650
438
1264
6791
1266
1267
1268
6441
1270
6399
1272
1273
1274
1275
8596
1277
1278
1279
1280
2041
6549
1283
8539
6052
9682
1287
1288
1289
1907
1291
8886
1421
1294
9822
1379
1297
1298
9693
1300
1301
5855
1303
1304
1305
5605
1307
4009
1309
122
1311
1312
1313
7952
1315
1316
1317
1318
1319
1320
1321
1322
1932
1324
1325
1326
2460
3718
5523
546
3006
1332
9844
3471
4149
1336
1337
1338
3460
1340
1341
1342
1162
1344
603
1346
1633
2341
1349
1046
370
270
1353
4732
6667
1356
1357
1358
2106
8935
1361
2299
1363
1364
399
1366
1367
1368
1369
1144
1371
1372
1373
8368
6965
1376
3311
1378
1296
1380
1381
1382
1383
1384
1385
1386
2719
1388
1389
1390
1391
5714
9504
4845
1395
4647
1397
4219
1399
1400
9493
1402
1403
879
4112
604
1407
7827
1409
5880
3798
1412
1413
327
1415
1416
7713
1418
8373
6180
2632
1422
8988
7503
1425
1426
6504
8934
1714
1430
139
9559
1433
1434
1435
4681
5521
3640
1439
1440
6232
1442
45
1444
1445
1446
4155
3384
1449
1450
1451
9361
1453
3281
1455
6677
3117
1458
1459
1460
1461
1462
1463
1464
1465
1466
1467
1259
1469
1470
2388
1472
1473
4997
1475
1476
1477
1478
9732
3351
1481
1482
1510
4812
1485
1486
1487
1488
9591
2976
3328
1492
8723
2555
1495
1496
5101
6049
9550
5806
1501
1502
6773
1504
1505
1506
1507
1508
9475
3208
1511
1512
2004
5952
1515
1516
4921
9602
9239
1520
1521
1522
6506
9425
1525
7273
1527
2386
1529
1530
1531
1532
1533
2286
1709
4433
1537
5821
6730
1540
1621
1542
1543
7727
7252
1546
1547
1548
9981
1550
5004
1552
1553
2368
1555
1556
1557
6609
5212
6213
1805
1562
5912
9758
1565
4364
3342
1568
1569
1570
1571
1572
1573
1574
1575
1576
1577
1578
8190
1580
1581
4860
5244
9401
1585
1586
1587
1588
1589
1590
1178
1592
2383
9415
8193
4442
1597
1598
4548
1600
1601
9069
8700
2780
1605
1606
2795
1608
1609
1610
7284
9728
1613
1614
3025
4836
1617
1618
1619
1620
8806
1622
1623
9496
601
6870
1627
1628
1629
1630
2901
1632
1347
1634
1635
1636
9908
1638
1802
6719
1641
1642
1643
1644
2692
1646
1647
492
1649
8651
81
1652
1653
8153
1655
6529
1657
1658
1659
1660
1661
1662
289
1664
33
1666
9641
6214
3738
9022
3784
1672
1673
7942
3614
1676
1677
1678
1679
1680
6347
1682
1683
1684
1603
8038
1687
1688
1345
4962
1691
5404
1693
1694
1695
1696
1697
1698
9127
1700
1701
1965
9569
1704
1705
1706
1707
8201
1535
1710
1711
1712
1713
1429
2020
1773
4367
1718
1719
5291
1721
2911
1723
1724
3144
1726
1727
1728
5828
2969
1731
7996
1733
1734
3899
6520
9001
1738
1739
1740
1741
3705
1743
1744
6219
1746
8799
1748
5867
1750
1751
1752
1753
1754
1755
8627
2224
1758
1759
1760
1761
3236
1763
1764
2553
5370
9227
4728
1769
1770
1771
1772
897
9497
7486
4151
1560
7032
1779
1780
8981
1782
1783
5702
1785
1786
9035
1788
59
1790
1791
6839
1793
1794
1795
2031
1797
4508
1799
1800
1801
8827
1803
1804
1561
1806
1807
1808
1809
7267
1811
1812
1813
6949
1815
1816
1817
1818
1819
1820
1821
1822
1823
2312
1825
1826
1827
1828
1829
2448
1831
1832
4369
6442
1835
1836
741
6479
1839
800
8102
1842
1843
5
1845
1846
4111
1848
1849
1850
1851
1852
1853
1854
1855
1856
4169
8275
6895
4394
9703
1862
1863
8629
359
1866
9438
1868
1869
1870
1871
1872
7369
9444
1875
4018
1877
6850
2616
1880
1881
1882
1883
4850
1885
1886
1887
1888
1889
1890
156
1892
1893
1894
1895
1896
1897
1898
3054
1900
4547
7846
1903
1904
6875
3960
1290
1908
7072
1910
1911
1912
3041
1914
1915
1916
3598
1918
2604
1920
1921
1922
4440
3125
8656
5102
1927
1928
1929
1930
756
1323
1933
1934
1935
646
3870
1938
1939
1940
1941
1942
1943
1944
1945
1946
6694
1948
1949
1950
1951
1952
1953
3499
685
1956
1957
8820
1959
1960
4344
1962
1963
9471
1702
5028
1967
4521
1969
1970
1971
1972
1973
4504
4631
1976
1977
6653
1979
1980
65
3624
559
1984
6192
1986
1987
1988
1989
1990
8255
1992
1993
1994
1995
9924
8944
3961
1999
2000
2001
2002
2003
1599
2005
2006
6167
5991
2009
6080
2011
2012
2013
4646
8753
9915
2017
2018
2019
4661
2021
2022
6359
2024
2025
2026
2027
2028
2029
2030
9645
2032
7869
2034
2035
2036
2037
3582
5883
6992
1281
2042
3843
2044
2045
2046
2047
5260
3822
2050
2051
2052
2053
2054
2055
2928
2057
2058
2059
3355
7234
2062
4460
2064
2065
1112
2067
2068
4196
2070
2071
2072
2073
3365
2075
3373
2077
2078
2079
2080
6524
4797
2083
2084
2085
8407
2087
2088
2089
9998
1781
2092
8951
4248
2095
2096
2097
8118
2099
2100
2101
2102
2103
2104
4826
1359
2107
517
2396
2110
4444
2112
9890
2114
2115
7132
2117
8243
2119
2120
4484
3829
2123
3809
2125
2126
4357
2128
2129
8772
2131
7778
4321
5586
2135
2136
9604
2138
3406
2140
2141
2142
5257
3786
4297
2146
5222
2148
3049
2150
6293
2152
2153
2154
4831
2156
42
2158
2159
2160
2161
431
84
2164
2165
2166
2167
2168
8094
2170
2171
2707
2173
9194
2175
6209
9243
8152
2179
2091
2181
2182
2183
2184
2185
2186
2187
2188
2189
2190
2191
2192
2193
3677
7512
2196
2197
2198
2199
2200
2201
4905
2203
2204
5742
2206
2818
2208
2209
2210
173
2212
2213
1964
2215
2216
2217
2218
2219
6443
3134
2222
2223
1757
7826
2226
2227
252
4589
4337
2231
6627
3680
2234
2235
2236
2237
2238
2239
7362
2241
8782
2243
2244
2245
2246
2247
6259
2249
3314
2251
2252
5978
2254
2255
2256
2257
4613
2259
2260
2261
2262
1901
2612
2265
4616
675
2268
4808
2270
2271
2272
2273
2274
5988
8016
8718
2278
372
5656
2281
2282
2283
2284
2285
1534
2287
2288
9941
2290
2291
2292
4214
2294
3308
2296
2297
4191
1362
2300
2301
8295
4854
2304
2305
3629
2307
2308
2309
2310
2311
6728
2313
2314
2315
3114
2317
2318
2319
2320
708
352
9168
2324
2325
8874
2327
6618
2329
2330
3110
8678
9790
9036
8676
2336
2337
2338
2339
2340
5167
2016
2343
2344
668
4371
2347
4667
419
2350
2351
4805
2353
2354
2355
2356
2357
6701
2359
328
2361
2362
6584
2364
2365
9418
2367
1554
4435
8453
2371
4477
8177
5540
2375
4095
2377
2378
2379
2145
2381
5635
1593
2384
2385
1528
2387
1471
2389
3433
6497
7321
2393
2394
120
2109
8833
2398
2399
2400
2401
3534
2403
2404
18
6519
2108
2408
2409
2410
2411
2412
2413
2414
2415
5705
9191
2418
2419
2420
2421
778
2423
2424
2425
2426
7305
2428
5788
2430
2431
2432
2433
2579
2435
8625
2437
2438
2439
3450
2441
2442
2443
2444
9879
2446
7913
9725
9126
2450
2451
2452
2453
2454
2455
2139
2457
2458
2459
8614
434
2462
2463
3326
2465
2466
2467
1756
8221
4449
2471
2406
2473
2474
2475
2476
2477
2478
7954
268
2481
1645
2483
2484
2485
3828
7941
2488
2489
6247
866
361
2493
2494
193
200
2497
2498
2499
2500
2501
2502
2503
5343
1017
4177
435
2508
2509
2510
2511
2512
2513
2514
2515
2516
2517
2518
2519
2520
6847
3774
2523
2524
2525
2526
2527
2528
2529
1247
2531
2532
1509
955
2535
2536
3874
551
2539
5323
2541
7572
2543
1021
2545
2546
1873
7880
2549
7378
2551
9407
1765
5092
7332
7400
2557
5817
5884
4500
7166
2562
2563
2564
5556
2566
2567
2568
7499
5474
3295
2572
2573
2574
2575
4578
2577
8040
3702
6580
9872
2582
486
5045
2585
7803
2587
1122
2589
2590
9534
2592
5648
2594
2595
2596
759
2598
2599
2600
2601
7385
2603
1919
8084
2606
2607
8584
2609
2610
2611
7895
3482
2946
2615
1879
2617
2618
2619
2620
7929
1095
2623
2624
2625
2626
2627
2628
166
2630
2631
1293
2633
9218
2635
2636
2637
2638
2639
2640
2641
8975
1838
4065
2645
4363
2647
2648
2649
2650
2651
2652
2653
2654
2655
774
2657
285
3377
2660
2661
2662
2663
2664
2665
2666
2667
2668
2669
2670
2671
9456
9135
2674
2675
2676
96
2678
2679
4183
124
222
2683
2684
9384
6600
2687
2688
2689
2690
2691
2482
2693
2694
4829
2696
2697
9019
9278
2700
2701
2702
2703
2704
2705
7476
2172
2708
9306
2710
9690
2712
2713
2659
2715
2716
2717
2718
1387
2720
2721
2722
7625
7644
7955
2725
2727
2728
2729
2730
2731
2732
2733
2734
3726
2736
2737
2738
2739
2740
2741
5358
2743
2744
2322
2746
2747
3986
6327
1135
8070
7470
9713
2754
1153
2756
2757
2758
6430
1244
2761
5328
2763
9439
2765
300
2767
6558
2769
2770
2771
2772
2773
4526
2775
2440
2777
2778
2779
6755
8663
2782
4740
2784
2785
1233
6343
7819
2789
588
1036
2792
2793
2794
1607
8146
8666
2798
2799
2800
2801
2802
6079
2804
7150
2806
2807
6170
2809
725
2811
2812
5392
2814
2815
2816
2817
2207
2819
2820
2821
2822
2823
2824
2825
2826
2827
3124
2829
8534
2831
2832
2833
1654
2835
3285
2837
2838
7133
6009
2841
2842
1925
2844
4516
2846
2847
2848
2849
2850
2851
7386
2862
2374
7300
4320
2857
2858
1111
2860
2861
9357
2863
2864
9101
2866
6397
2868
8367
2870
2871
2872
7701
5733
2875
2876
2877
2878
6798
2880
2881
7307
2883
2884
2885
2886
2887
23
2889
9806
2891
4474
2893
2894
3741
2896
2897
5775
6110
9481
549
2902
2903
2904
2905
6921
2907
2908
2909
6605
1722
2912
2913
2914
2915
2916
2917
4811
2919
2920
2921
2922
6426
3994
9625
336
2927
2056
2929
2930
7730
2932
2933
9759
2935
5691
6913
5979
2939
2940
2941
2942
2943
2944
2945
2614
2947
1164
152
2950
6197
2952
2953
9108
4792
3656
2957
2958
2959
1005
2961
2962
2963
1905
2965
2966
2967
2968
5568
2970
2971
2972
2973
3076
2975
7663
5667
7781
2979
2980
2981
9755
8292
2984
2985
6004
2987
2988
4322
1394
2991
2992
2993
2994
2995
2996
2997
4677
2999
3000
3001
3002
8748
3004
3005
1331
3007
3694
3009
3010
3011
5901
1213
3014
4287
3016
3017
3018
3019
3020
1284
3022
3023
3024
9053
6637
6398
3028
3029
3030
3031
3032
6762
5213
7314
2392
3037
3038
9523
4810
1913
3042
3043
3044
7274
3046
5816
3048
2149
9334
3051
3052
9303
440
3055
3056
3057
3058
3059
3060
3061
9889
3063
3064
7923
3066
6774
3068
3069
3070
3071
3072
3073
9928
3075
2974
3077
3078
5016
4574
3081
7286
2276
3084
8114
4380
3087
4904
1774
3090
3091
3535
3093
3094
3095
3096
5766
3098
4228
3100
3194
3706
3103
3104
3105
3106
3107
2233
3109
5181
5019
3112
3113
2316
3115
3116
1457
3562
5412
3120
3121
3122
7366
2828
4717
3126
3127
3128
7447
5783
3131
3132
3133
2221
3135
3136
3137
8336
9054
3140
6743
7257
3143
8090
3145
3146
3147
3571
3149
5603
1232
3152
4707
3154
5236
8393
3157
4673
948
3755
3161
464
4967
3164
3165
8860
3167
3168
4754
3216
7374
3172
3173
1456
3175
3176
7627
3178
3179
3180
4136
3182
3183
3184
5332
3186
3187
3188
3189
2776
3191
3192
3193
3101
2937
3196
3197
3198
3199
3200
5123
3202
3203
9620
3205
3206
3207
1483
6673
1150
3211
3212
8030
3214
3215
9321
469
3218
3219
6153
3221
3222
3223
3224
4260
8482
3227
3228
3229
3230
9597
4887
3572
7107
3235
1762
3237
3238
6678
3240
4894
3242
3243
3244
3245
7634
3247
3248
3249
3250
3251
3356
3253
510
6775
3153
3257
3258
3256
3260
4786
3288
4736
3264
3265
261
3267
210
3269
3270
9300
3272
7843
9696
233
3276
3277
3278
3511
3280
1454
3282
3283
818
2836
3286
3287
5533
3289
3290
1427
3292
1308
8970
2571
3296
9196
3298
3611
3300
3301
3302
9736
3304
4013
7093
3307
669
3309
3310
1377
3312
6837
2250
3315
3316
3317
3318
3319
5377
1834
4863
3323
3324
3325
5629
3327
1228
3329
3330
6647
9129
4773
3334
1431
3336
8642
3338
3339
9747
3341
8585
3343
3344
3807
4502
9163
3348
3349
6808
1480
4528
3353
3354
2060
3252
3357
3358
3359
3360
3361
3362
7977
3364
2074
3366
6384
3368
3369
3370
3371
3372
6165
3374
3375
3376
2714
3378
3379
3380
3552
3382
3383
7681
8099
3386
3387
3388
3389
3390
3391
1260
3393
3394
3395
3396
7798
3398
3399
3400
3401
3402
4542
7599
6437
8218
3407
8557
1997
5401
5493
3412
3413
3414
3415
3416
3417
8705
3419
3420
3421
3422
3423
547
3425
1579
2470
4231
3429
3430
3431
3432
2390
3434
2552
3436
3437
6974
7848
8051
142
3486
691
6023
3445
3446
3447
3448
3449
373
3451
3452
3453
3454
3455
3456
3457
3458
4841
7607
3461
439
3463
3464
3599
3466
3467
3468
3139
3470
1334
8868
3473
8008
3475
3476
3477
8777
3479
7496
3481
6494
3483
8573
3485
3442
7568
3488
3489
8926
6017
3492
5660
1222
3495
3496
3497
3605
6460
3872
3501
3502
4312
1479
3505
3506
3507
3508
7569
5874
3279
3512
3513
4704
389
3516
802
3518
10
3520
1699
5274
3523
3524
3525
2242
3527
3528
3529
3530
3750
3532
3533
7044
354
3536
2699
4702
2900
3540
5851
3542
3543
3544
3545
3546
3547
6871
9802
760
3551
3381
3553
3554
2205
3556
3557
3558
3559
3560
3561
3634
4716
3564
3565
1545
3567
3568
3569
5313
9930
3233
3573
3574
3575
3576
3577
3591
3579
9766
3581
52
3583
3584
5314
3586
1271
3588
3589
9080
3578
3592
5416
3594
3595
8555
3597
7931
2951
3600
4327
3602
3603
3930
3498
3606
1968
3608
3609
3610
3299
3612
3613
1675
3615
9970
5255
3618
997
3620
7721
3622
3623
5561
3625
3626
8968
6231
2504
3630
3631
7720
3633
3118
3635
3636
4310
3638
3639
1438
3641
1107
3643
3644
3645
3646
3647
3648
7699
3662
3651
3652
5060
3654
3655
2956
3657
4837
3659
3660
3661
7543
5734
3664
3665
3666
8313
9764
3669
3670
3671
3672
3673
3674
3675
3676
2194
4108
3679
6361
1625
97
3683
3684
3685
3686
3687
836
7548
3690
3691
3692
4864
3008
3695
3696
3697
3698
3699
3700
3701
2434
3703
3704
1742
7675
3707
3708
3709
3710
3711
5542
3713
9979
5764
1375
3717
9581
3719
5543
125
3722
9240
3724
9526
2735
3727
3728
3729
7154
5205
3732
3733
5085
3735
8836
3737
4271
4240
3740
945
3742
3743
8692
3745
3746
863
3748
3749
3531
3751
3752
335
3754
3888
3756
3757
8631
3759
3760
3761
769
507
6811
8004
7222
3767
3768
3769
3764
3771
3772
5937
2039
6238
7448
3777
3778
649
3780
3781
3782
4753
1671
3785
9248
3787
3788
5859
3790
3791
3792
3793
3794
3795
6780
3797
710
3799
3800
3818
3802
3803
9263
1012
3806
3345
3808
8215
3810
3811
3812
7065
3814
3815
3816
3817
3801
4353
3820
3821
2049
5024
3824
3825
3826
3827
2486
5248
9627
3831
4300
3833
3834
1612
3836
3837
3838
3839
3840
4382
3842
9185
8147
3845
3846
5438
3848
3849
3850
8263
3852
1105
8395
4383
3856
7285
3858
3859
3860
6064
3862
3863
9652
3865
7397
3867
3868
3869
7063
3871
3500
3873
9124
3875
3876
3877
9128
3879
3880
5478
3882
3883
3884
3885
306
3887
9777
3889
136
4744
5458
3893
3894
3895
4296
7120
3898
1735
3900
3901
3902
3903
3904
6664
3906
3907
2540
3909
3910
3911
3912
3913
3914
8028
3916
215
3918
3919
3920
8357
3922
3923
8047
3925
3926
3927
4560
3929
3604
3931
3932
3933
3934
3935
3936
3937
3938
3939
2023
3941
3942
7595
611
3945
3946
3947
3948
3949
6821
3951
3952
3953
3954
3955
3956
8188
3958
1611
1668
1998
5805
5288
3964
3965
3966
3967
3968
5316
7248
2752
4203
3973
3974
3975
5843
8363
8273
3979
4914
3981
3982
3983
5732
1406
4639
6116
3988
3989
3990
3991
3992
3993
5914
3995
3996
4587
4686
3999
9044
4001
4002
1360
4004
5381
4006
4007
4008
3293
4010
4011
4012
3443
4014
4015
4016
4976
1876
4493
4020
4021
4022
4023
4024
4025
4026
4027
2373
4651
6512
4031
658
4033
4034
4035
4036
4037
7338
4039
4040
4041
4835
4043
9801
4045
4046
4047
4048
4049
4050
4051
4052
4053
4054
4055
4056
259
4536
4206
9828
5853
4062
4063
6313
4622
4066
4067
6720
4069
4070
4071
4072
8976
4074
4075
639
4077
4078
4079
4080
4081
4082
4083
4084
4085
4086
4087
5290
4089
5352
4091
4092
4093
3944
8029
4096
4097
4098
4099
4100
7983
7199
4103
7812
4105
4106
4107
3678
4109
4110
1847
1405
4113
4114
4115
6119
4117
8873
4119
4120
1251
4122
4123
4124
4125
4126
4127
4128
4129
4130
4131
4132
4133
2642
4135
978
4137
4138
4139
9049
4141
4142
8956
5245
4145
4146
4147
4148
1335
4150
7079
4152
4153
4154
2751
4156
4157
9511
7217
394
4161
4162
4163
4164
4165
4166
7921
2081
1142
4170
4171
4172
4173
2369
4175
4434
9863
998
4179
4180
5712
4957
6249
4184
819
4186
6144
4188
959
4190
595
1417
4193
4194
4195
2069
4197
4198
4199
4531
4201
4202
3972
4204
4205
7331
4207
4208
4209
4210
4211
4212
4213
1789
4215
8660
4217
4218
1398
5230
4221
4222
4223
4224
4225
3220
4227
3099
4229
3897
3428
4232
6217
4234
4947
4236
4237
4238
4239
3739
4241
4242
4243
4244
4245
4246
4247
3736
4249
846
8952
4252
505
4254
4255
4256
4257
5088
1225
5066
4261
6836
4263
4264
4265
4266
4267
4268
8616
8056
8505
4272
7618
4274
4275
6890
9414
4278
4558
1176
3978
4282
4283
4284
4285
4286
8459
7736
5420
3363
4291
8161
5258
4294
4295
3570
8894
1227
4299
3169
4301
4302
4303
5772
4305
470
4307
4308
4309
3637
4311
27
4313
1082
4315
7650
6945
4318
4319
8688
2133
4424
4323
6888
4325
4858
3601
3522
4329
4330
4331
4332
4333
4334
4335
3092
5448
4338
4339
9989
9232
4342
4343
887
4345
4346
5824
4348
9096
4350
4351
4352
3819
1197
8648
9870
2127
4358
4359
4360
4966
4362
2646
1566
7910
4366
1717
4368
1833
4370
6621
4372
4373
4374
4375
4376
4377
4378
4379
3465
4381
3841
3855
8351
7126
5263
606
4388
4389
4390
4391
4392
7746
1860
4395
4396
4397
4398
9145
4400
9480
4402
4403
4404
4405
4406
4407
4408
924
8031
4411
4412
8560
4414
4415
4416
4417
9561
5298
4420
4421
4422
4423
2989
4425
4426
495
4428
8834
4430
4431
4432
1536
8847
4174
6040
4437
4438
4439
1923
1370
6692
3062
2111
4445
4446
4447
4448
3427
5279
4451
2066
4453
4925
4455
4456
4457
8246
4459
2063
4853
4462
4463
4464
8142
4466
4467
4476
4469
4470
4471
4472
4365
2892
82
4468
2372
4478
4479
8389
1365
4482
4483
2121
7749
4486
4487
4488
4489
4490
4491
6983
5774
4494
4495
4496
4497
4498
4499
2560
6471
7661
4503
726
4505
2783
4507
227
3231
4510
4511
4512
5744
4514
6340
2845
4517
4938
4519
4520
3607
4522
4523
4524
4525
1685
4527
8176
8914
4530
4200
4532
4533
4534
4535
4058
4537
4538
4539
4540
4541
3403
4543
515
4545
7228
2263
9273
4549
4550
4551
4552
4553
4554
4555
4556
4557
5726
1539
3928
9962
4562
4563
4564
4565
4566
4567
4568
4569
3439
5827
4572
4573
3080
9445
4576
5391
6113
4579
565
4581
4582
4583
4584
4585
713
568
4588
1002
4590
7997
4592
4593
4594
4595
8715
8409
1567
7561
4600
4601
4602
4603
4604
6241
4606
4607
4608
9911
4610
7319
5473
2258
4614
951
6532
8162
1428
4619
4620
6075
562
7297
5585
6117
4626
4627
4628
4828
4630
1975
4632
4633
4634
4635
4636
4637
4638
2748
4640
7077
9374
4643
4644
4645
2014
1396
4648
4649
4650
8069
5793
4653
4654
4655
4656
4657
4784
4859
8940
1715
4662
4663
4664
4665
4666
9177
4668
4669
4670
4671
4672
3158
4674
4675
4676
2998
4678
5125
4680
1436
4682
4683
1637
4685
3998
4687
7717
4689
9674
4691
3444
4693
4694
4695
4696
4697
4698
4699
4700
3392
3538
4703
3514
4705
6137
3259
5437
8477
4710
7407
4712
4713
4714
4715
3563
1924
961
4719
4720
7291
1351
4723
4692
8447
4726
4727
1768
4729
4730
4731
1354
4733
7204
4735
3263
4737
4738
8654
4506
7210
4742
4743
3891
4745
4746
4747
4748
4749
8897
5229
4752
952
3832
4755
4756
5096
4758
4759
4760
5571
4762
6322
5887
5834
4766
5062
4768
4144
896
4771
4772
3333
4774
4775
4776
5990
4778
4924
4780
7556
2852
4783
8852
4785
3261
4787
4788
383
4790
4791
2955
4793
4794
4795
4796
2082
4798
4799
4800
6174
4802
4803
4804
536
6688
4807
8699
4809
3555
2918
1100
4813
4814
4815
8746
4817
7943
4819
4820
7770
4934
9076
4824
4825
7454
4827
4629
7525
4830
2155
2134
6639
9673
4042
1616
3658
4838
4839
2479
6665
4842
4843
2745
9549
4846
8285
4848
4849
4892
7173
4852
4461
2303
4855
4856
1090
4326
3352
1582
9819
4862
6989
3693
4865
4866
4867
4868
4869
4870
4871
4872
717
4874
4875
4876
4877
5633
9909
4880
5762
991
4883
4884
4885
4886
7303
4888
4889
4890
4891
2839
7587
7786
4895
3086
4897
4898
4899
4900
4901
4902
4903
6299
205
4906
4907
4908
4909
1559
4911
4912
4913
5367
4915
4916
4917
4918
4919
4920
1205
4922
2352
4779
4454
4926
4927
363
4929
4930
6271
4932
7131
4822
4935
8489
9568
4518
4939
4940
4941
4942
4943
4944
4945
4946
4235
6986
4949
4969
5860
4952
4953
4954
5698
4956
4182
4958
4959
4960
4961
8013
4963
4964
4965
4361
3163
4968
4950
116
4971
4972
4973
4974
9164
4017
9972
449
4979
4980
6604
4982
4983
4984
7058
4986
4987
9560
4989
4990
4991
4992
4993
4994
4995
4996
9784
7184
4999
5000
5001
5002
5003
1551
1053
5006
5007
5512
5009
5010
5011
5012
5013
5014
5015
3079
5017
8478
3111
2556
5021
5022
5023
3823
8061
5026
5027
1966
5029
5319
6179
5032
5033
5034
5035
5036
9705
220
5039
5040
5041
5042
4276
5044
6666
5046
5047
5048
5049
3141
5051
6446
5722
5054
5055
5056
5057
4910
5944
3653
5061
4767
5063
5064
5065
3225
5067
5068
5069
5070
5071
5072
6877
5074
5075
980
5077
9864
5079
5080
5081
316
5083
6061
9311
5086
5087
4258
5089
5090
5091
2554
5093
9959
5095
4757
5097
5098
6763
5100
1497
1926
5103
5104
9695
5106
5107
7438
5109
5110
5111
5112
9895
5485
686
5116
5117
5118
5119
5120
7195
5122
5507
3892
5186
5126
5127
5128
5129
8091
5131
4393
5133
5134
5135
5136
5137
5138
5139
5140
5141
2253
5143
5144
5145
6298
5147
5148
5149
5150
5151
5152
8439
5154
5155
5156
5157
5158
5159
5160
5161
5162
5163
7876
5165
5166
651
5168
5169
242
5171
9660
5173
9594
5175
9661
9112
5178
5179
6676
2331
5182
9139
5184
5185
3266
234
5188
5189
5190
6173
5192
5193
7296
1282
5196
5197
5198
5199
5200
7964
5202
5203
5204
3731
5206
7513
5208
6747
5210
5211
5889
3034
5214
5215
7108
5217
5218
5219
8169
5221
2147
8398
8682
5225
181
5227
5228
4751
4220
5231
5232
1519
5234
5235
3155
1175
5238
5239
5240
5241
5242
5243
1583
8044
5246
5247
9929
5249
5250
5251
9310
5253
5254
3617
50
9290
4336
5259
5915
5261
5262
6684
7945
5265
5266
1061
5268
5269
5270
5271
7145
5273
4328
5275
5276
5277
5278
1019
5280
5281
5282
5283
5284
5285
5286
8779
3963
6588
4088
531
7375
5293
5294
5295
6540
6544
4419
5299
6829
5301
5302
5303
5304
5305
5306
5307
5308
8299
5310
5311
5312
5800
3585
5315
3969
5317
5318
5030
1814
5321
5322
3908
5324
8387
5326
5327
2762
8808
5330
5331
3185
5333
5334
5335
7509
5337
5338
5339
9244
5341
7168
7340
5344
5345
5346
5347
5348
5349
6537
6614
4090
6409
5354
2759
8136
5357
9388
5359
5360
6128
8328
5363
5364
3747
5366
9226
5368
1048
105
5371
8048
5373
5374
5375
1651
3320
5378
5379
5380
4005
5382
5383
5384
5385
459
5387
5388
3770
1047
7450
2813
5393
8586
8912
5396
8062
5398
5399
3294
3410
4931
8066
1692
5405
999
5407
5408
5409
8947
5411
3119
5413
5414
5415
3593
8540
768
5419
4289
5421
6838
145
5424
5425
6910
5427
3321
5429
5430
5431
5432
8391
444
5435
5436
4708
3847
5439
5440
5441
5442
5443
5444
5445
5446
5447
9295
368
5450
5451
5452
8925
8140
5455
5456
5457
5124
5459
2306
662
5462
5463
5464
5465
5466
5467
5468
9607
5470
5471
7060
913
2570
8744
5476
5477
3881
5479
5480
5481
5482
5483
5484
4975
5486
5487
5488
5489
5490
5491
6505
4642
5494
5495
5496
5497
5498
5499
5500
5501
5502
5503
5504
4722
5506
6408
5508
6616
5510
5511
9287
7751
6458
5515
5516
5517
5518
5519
6210
2938
5522
4076
5524
5525
5526
8496
9487
5529
545
5531
5532
3262
5534
5535
6103
8014
7893
5539
2854
859
7735
7380
263
185
5546
5547
5548
1414
5550
5551
5552
5553
5554
5555
2565
5557
5558
5559
5560
6854
5562
5563
5564
5565
5566
5567
8072
6393
5570
6248
9937
4955
5574
5575
5576
5577
5578
5579
5580
4003
5582
2225
5584
1837
4832
5998
8857
5589
5590
5591
5592
5593
672
5595
1591
8639
857
6155
5600
8058
5602
5725
5604
1306
5606
5607
7106
9651
5610
7563
5612
5791
5614
5615
5616
5617
5618
5619
1119
5621
8673
9663
5624
5625
5626
5627
5628
8358
5630
8365
5632
4878
898
2382
9869
9993
9095
5639
5640
4160
5642
5643
5644
9667
5646
5647
2593
5649
5650
5651
5652
5653
5654
5400
5183
5657
5658
5659
5052
5661
5662
5663
5664
7258
5666
2977
5668
5669
5670
794
5672
5673
7254
7187
5676
5677
5678
5679
5680
5681
5682
5683
5684
5685
5686
5687
5688
5689
5690
1906
5692
5693
5694
5695
5696
5697
5573
5699
277
5701
1784
5703
8194
4317
6395
7409
5708
647
376
7683
1108
7849
1392
5715
5716
5717
5718
5719
883
3650
5053
5723
5724
8113
7696
6068
5728
5729
5730
9237
6089
2422
3663
5735
5736
5737
5738
7196
6576
949
524
5743
4513
5745
5746
5747
5748
5749
5750
9210
5752
5753
5754
5755
5756
5757
900
5759
5760
1143
4881
5461
3715
8958
9087
5767
5768
5769
631
5771
4304
2768
7442
8224
5776
2162
5778
5779
5780
4189
5782
3130
5784
5785
3474
5787
2429
4168
5790
5613
8522
4652
5794
5795
5796
5797
5798
5799
3896
6433
5802
7186
5804
2402
1500
5886
5808
1093
5810
5811
5812
5813
5814
5815
3047
2558
5818
7475
5820
1538
5822
6661
9031
5825
5826
4571
1729
1209
5830
5831
6411
5833
4765
5835
5836
5837
5838
9761
5840
5841
5842
3976
5844
5845
8764
5847
5351
5849
7673
3541
5852
6932
5854
1302
5856
6290
5858
3789
4176
7128
5862
5863
5864
5865
8523
5741
9013
9722
41
6106
5872
5873
3510
5875
5876
9084
5878
5879
1410
5881
5882
2522
7723
5885
926
8024
8222
7966
9951
5891
2723
5893
5894
5895
5896
5897
5898
5899
8191
3271
5902
9856
5904
5905
5906
2507
5908
5909
5910
5911
1563
9903
2924
8392
5916
5917
5918
2007
5920
5921
5922
7979
3590
5925
5926
2229
2580
5929
6453
5931
5932
5933
5934
5935
5936
3773
5938
5939
5940
5941
5942
9823
5059
418
5946
5947
5948
7965
8960
5951
3441
5953
5954
8521
5956
5957
5958
5959
3274
5961
1140
5963
5964
602
5966
5967
5968
5969
5970
5971
5972
5973
5974
5975
5976
5977
5142
7164
5980
5981
5982
0
5984
9170
138
5987
6450
5989
4777
9618
6222
5993
5994
5995
8870
5997
5587
5999
6000
8525
6002
4473
2986
6005
6006
1958
7410
9121
6741
6011
6012
9369
6014
6015
6016
3491
6018
8281
6020
6021
6022
8895
6024
6428
6026
9067
6028
6029
6030
6706
7741
4580
6034
6035
6036
6037
9611
6039
4436
6041
6042
6043
6044
6045
8330
749
6048
1498
7990
6051
1285
6053
6054
6055
6056
6057
6058
6059
6060
2537
6062
6063
4801
6065
6066
6067
5727
6069
6070
8007
6072
6073
6074
4621
6076
6077
6078
2803
9675
6081
6082
6083
6084
7439
6086
6087
6088
9068
6090
6091
6092
9595
6094
6095
6096
2417
6098
6099
7040
9114
2685
315
6104
6105
5871
6107
6108
6109
9679
6111
6112
3515
6114
6115
3987
4625
6813
4116
6120
6121
6122
6123
6124
6125
6126
6127
5403
6129
6130
7995
6132
6133
7972
6135
6136
4706
4298
6139
6140
6141
6142
6143
4292
6145
6146
6147
6148
6149
6150
6151
6152
3857
6645
5599
918
57
5309
5329
6160
6161
9733
6163
1564
2076
6166
5919
6168
6169
2808
6171
6172
5191
3861
6175
3762
6177
6178
5031
8839
168
7440
6183
6184
6185
6186
6187
7589
6189
6190
6191
1985
6193
4840
6195
6196
4896
6198
6246
7393
6201
6202
6203
6204
7019
6206
7652
6208
940
5520
6211
6212
4882
996
212
9271
4233
6218
6797
6767
6221
3957
1670
9073
626
6226
6227
6228
6229
6230
3628
3209
6233
6234
6235
6236
6237
6971
6239
6240
4605
6242
9016
6244
6245
3844
9379
4761
2680
6250
6251
6252
6253
6254
6255
6256
6257
6258
2248
6260
4509
6262
6739
9442
6265
6266
6267
6268
6269
6270
5402
22
6273
8139
1243
6276
6277
3478
6279
6280
6281
6282
6283
6284
6285
6286
6287
6288
7317
7276
6291
6292
2151
6294
6295
6296
6297
5146
2774
6300
6301
6302
6303
6304
4844
6306
6307
6308
6309
6572
6311
9816
4064
8541
9228
6316
6317
6318
6319
6320
6321
4763
7017
6463
6220
6326
2749
6328
6329
6330
6331
6332
6333
6334
1437
6336
6337
7658
6339
4515
8452
9576
2787
6344
6345
6346
8460
6348
5832
9160
6351
6352
9659
6354
6355
7976
6357
6358
3940
6360
8733
6362
6363
9253
1328
6366
6367
7884
6369
6370
6371
6372
6435
6374
6375
6376
4501
6378
6379
6380
6381
6382
6617
4102
6385
6386
6387
6388
6389
6390
6391
6392
5569
6394
1179
8508
2867
9413
7547
6400
6401
8684
9753
6404
6405
9213
6407
3201
5353
6410
9687
6412
6413
6414
6415
6416
4978
6418
6419
6420
6421
4977
6423
6424
6425
2923
6427
5389
6429
5355
6431
6432
5801
6434
6373
6436
3405
6438
6439
9317
9119
5428
7230
6444
6445
4029
724
6448
6449
1026
6451
6452
943
6454
6455
6456
7555
5514
7115
1954
6461
6462
6324
6464
6465
6466
6467
6468
6469
8949
6377
6472
6473
7294
8841
6476
6477
6534
2643
6480
6481
6482
6483
6484
6485
6486
6487
6938
6489
6490
6491
6492
6493
9376
6495
6496
8382
7878
86
7405
6501
6502
6503
3291
5287
1443
6507
6508
6509
6510
1217
4030
6513
6514
6515
6516
6517
6518
5739
1736
6521
6522
8291
5789
6525
6526
6527
6528
8675
6530
6531
899
6533
6478
6535
1514
5350
6538
7792
2180
6541
9079
6543
5297
6545
6546
6547
6548
5195
6550
947
6552
6553
6554
8685
9490
6557
9267
6559
1824
7377
7838
2232
6564
6565
6566
6567
6568
8340
6570
5076
2130
6573
6574
6575
3753
437
6578
6579
5928
6581
385
6583
2363
6585
6586
6587
5289
6589
4769
902
6592
2948
5704
6595
6596
1045
9491
7007
9794
8527
6602
6603
3232
2910
6606
6935
6608
1558
6610
6703
6612
6613
6876
6615
5509
6383
2328
6619
6620
8915
6622
6623
6624
6625
6626
9171
6628
6629
6630
6631
6632
6633
8229
6635
6636
3026
6638
4833
6640
8361
6642
6643
6644
48
6646
613
6648
6649
6650
6651
8131
7744
6654
7479
9575
6657
9837
7408
9115
5823
6662
206
1401
2094
2584
1355
8570
8503
7948
6671
6672
2791
6674
6675
5180
235
3239
6679
6680
6681
6338
6683
4386
479
6686
6687
4806
6689
6690
6691
1596
6693
1947
8463
6696
582
6698
6699
6700
2358
6702
1146
6704
6705
5709
6707
6708
6709
6710
8145
6712
6713
6714
6715
6716
6717
6718
1640
4068
6721
6722
6723
6724
6725
6726
9416
6560
6025
4559
6731
6732
6733
6734
4591
6736
6737
3985
6263
6740
6010
6742
8009
9712
6745
6746
5209
6748
6749
6750
6751
6752
9097
6754
1604
6756
6757
6758
7383
6760
8995
865
5099
6315
6765
6766
9277
817
6769
6770
8065
6772
6176
3067
3255
6776
6777
6778
6779
6459
6781
6782
8431
6784
6785
9350
6787
4781
6789
6790
1265
1219
6793
6794
6795
230
1745
2879
1128
7057
8825
6802
6803
6804
9479
6806
6807
8863
6809
2983
6729
6812
6118
6814
6815
6816
6817
6818
6819
7823
7149
6822
6823
6824
6825
9399
6827
3226
7027
6830
6831
6832
6987
6834
6835
4262
3313
5422
1792
6845
8141
6842
5369
6844
6840
6846
77
6848
6849
1878
6851
6852
6853
1982
6855
9689
6857
6858
6859
6860
6861
6862
6863
6864
3566
6866
6867
6868
6869
5985
7360
6872
6873
7795
2964
554
5073
6878
6879
2480
6881
6882
496
6884
3340
8130
6887
4324
6889
5043
6891
6892
6893
6894
7946
6896
6897
6898
6899
6900
1639
6902
7112
6904
6905
6906
4529
6908
6909
5426
7444
825
3195
6914
6915
6916
6917
6918
8924
6920
2605
6922
6923
8703
6925
6926
6927
6928
6929
6930
6931
6243
6933
6934
6607
6936
6937
6488
1865
6940
6941
6942
6943
6944
2416
8402
2295
6948
809
6950
6951
6952
6953
6954
6955
6956
6957
6958
9718
6960
6961
6962
135
9605
3716
6966
6967
6968
7412
6970
3775
6972
6973
3438
6975
7118
6977
94
6979
5992
6660
6982
4492
6984
5930
2348
8812
6988
3322
6990
280
1201
6993
4413
6995
6996
6997
6998
6999
7000
7001
7002
7003
7004
7005
7006
1032
7008
7009
7010
7011
7591
7013
410
7015
8890
6323
7018
6205
7814
7021
7022
7023
7024
7025
7026
498
7028
7029
7030
7031
4349
7033
1767
7035
969
7037
6046
7039
6100
7041
7042
7043
3962
7045
7046
7047
8529
7049
7050
5581
7052
7053
7054
7055
7056
6800
4985
7059
5472
7061
2342
1937
7064
3813
7066
7067
7068
7069
7070
8927
1909
7073
7074
9947
7076
8418
7078
1776
7080
7081
5608
7083
7084
7085
7086
7087
7088
7089
8697
7091
7092
3306
7094
7095
7096
7097
7098
9638
7100
4465
7102
7103
7104
7105
7082
3234
5216
7109
7110
829
9009
7113
7114
3796
8619
7117
693
7119
6272
7121
7122
7123
7124
7125
4385
7127
2321
3730
7130
9836
2116
9852
7134
7135
7136
7137
3596
7139
7140
7141
7142
7143
5786
5272
7146
7147
7148
3950
2805
7151
7152
7153
1041
7155
6668
7157
7158
8510
7160
7161
7162
7163
2856
7165
2561
7167
6278
7169
7170
6901
7172
7251
7259
7175
7176
7177
7178
7179
8902
8830
7182
7183
4998
7185
5803
5675
7188
7189
8869
6828
7192
7193
7194
5121
6735
7197
7198
3367
7200
7201
7202
7203
7533
8179
7206
4452
7208
7209
2449
7211
9551
5950
7214
7215
7216
4159
7218
7219
7220
7532
3766
7223
7224
7225
7226
7233
4546
9527
5300
8035
7232
7227
2061
7235
7236
2293
7238
7295
7240
7241
5325
7243
1491
7245
7246
7247
3970
7249
7250
4851
894
7253
6403
7255
7256
3142
8913
7174
7260
7502
87
7237
7264
7265
7266
4060
7268
736
7270
7271
7272
1526
3045
1065
5857
7277
7371
7279
7280
745
7282
7283
3959
7461
3082
7287
7288
7289
392
7538
7292
7293
6474
7239
5781
4623
7298
7299
2855
2105
7302
4981
7304
31
7306
7062
7308
83
7310
7311
6138
7313
5541
5923
7316
6289
7318
4611
7320
3036
3210
7323
7324
7325
7326
7327
7328
7329
7537
4059
1494
7333
7334
7335
7336
7337
4038
5513
5460
7341
7372
3015
7344
7345
7346
7347
7348
7349
7350
7351
6598
7353
216
7355
7356
7357
7358
2548
3548
7361
2240
7363
7364
9394
3123
7367
7368
2547
7370
7278
7342
7373
3171
5292
7376
6561
2550
7379
3720
7381
7382
6759
7384
9850
4782
7387
7388
7389
7390
7391
7392
6200
2834
7395
7396
3866
7398
7399
5020
7401
7402
5924
7404
6500
7406
8189
6659
5707
6008
7411
9269
7413
7414
7415
7416
7417
7418
7419
7420
6582
7422
4104
7424
7425
7426
7427
8568
7429
7430
7431
7432
7433
5267
7435
447
7437
1010
6085
353
7441
5861
7443
8434
7445
7446
3129
3776
7449
4577
7451
7452
746
8604
7766
7456
7457
5108
7459
7460
5634
7462
5850
7464
7465
7466
7467
7468
9860
7724
7471
1091
7473
7474
5819
2706
7477
7478
6655
7480
7481
7482
7483
7484
7485
1775
7487
7488
8509
7490
8483
7492
7493
7494
7495
984
7497
7498
7586
9882
7501
7261
1424
4401
1013
7506
7507
4970
5336
6670
7511
2195
5207
7514
7515
3526
8323
85
7519
7520
7521
3040
7523
7524
2695
7750
7817
7528
7529
7530
7531
7221
4734
7534
2796
8513
231
4721
8999
7540
7808
9948
5721
7544
7545
7546
3587
569
7549
7550
7551
6562
7553
7554
6903
6788
7671
7558
7559
7560
7708
7562
2656
7564
7565
7566
7567
3487
3509
7570
7571
2542
7573
7190
7575
1404
7577
7578
8425
7580
8668
5765
521
7584
7585
2569
487
7588
9751
7590
7012
7592
7593
7594
3943
8617
7597
7598
3404
7600
8512
5187
7603
7604
3268
7606
1339
7608
7609
7610
7611
7971
7613
7614
7615
7674
7617
1071
9100
7620
7621
7622
8735
7624
7986
7626
3177
5527
7629
7630
7631
7632
7633
9110
9522
7636
7637
8399
2468
7640
7641
8324
7643
2724
7645
8457
7647
7648
7649
1830
7651
6207
8957
7654
7655
7656
7657
6682
7659
7660
3346
7662
1490
7664
7665
7666
7667
7668
7669
7670
7557
7672
6188
7616
6542
7676
7677
7678
7679
7680
1448
7682
4354
7684
7685
8814
7687
7688
2143
7690
7691
7692
7693
5949
7695
4279
7697
7698
3649
7700
4230
7702
8406
7704
7705
7706
7707
4599
7709
7710
7711
7712
4192
7714
7715
7716
660
7718
7719
3632
9584
9535
2559
3971
7725
7726
690
7728
7729
2931
7731
151
7733
7734
4570
5008
7737
7738
7739
7740
6032
7742
7743
1978
7745
7016
8904
2686
916
889
5105
7752
7753
7754
7755
7756
7757
7758
9920
7760
7761
7762
7763
7764
7765
7455
8149
7768
7769
4821
7771
7772
7773
7774
7775
7776
7777
2132
7779
587
241
7782
7783
786
7785
3241
7787
7788
799
4923
7791
6539
7793
7794
6874
7796
7797
3397
7799
7800
7801
7802
2586
7804
7805
7806
7807
278
7809
7810
7811
4750
7813
8041
7815
7816
9710
3878
2788
7820
594
8620
6820
7824
7825
1123
1408
7828
1030
7830
7831
7832
7833
7834
7835
1544
7837
7552
7839
7840
7841
7842
3273
7844
7845
1902
7847
3712
8260
7850
7851
7852
7853
7854
7855
7856
727
7858
7859
7860
7861
7862
7863
7864
7865
7866
7867
8042
2033
7870
7871
7872
7873
7874
7875
5164
7877
848
7879
1187
9375
7882
7883
6368
7885
7886
7887
7888
1103
7890
7891
7892
5538
7894
455
7896
7897
7898
7899
7900
7901
7902
7903
7904
8220
7906
7907
7908
7909
528
7911
7912
2447
532
7915
7916
7917
4937
7919
7920
4167
8553
3065
7924
7925
3977
1124
7981
2621
7930
915
433
7933
7934
7935
9849
7937
7938
123
7940
5545
1674
4818
7944
5264
1859
9476
7510
7949
7950
7951
1314
7953
8015
2726
7956
7957
7958
7959
7960
7961
7962
6880
5201
7694
5058
7967
7968
7969
7970
2178
1310
8107
7974
7975
2843
4290
7978
2122
7980
7928
7982
4101
7984
1069
5892
7985
7988
7989
6050
7991
7992
7993
7994
6131
1732
2576
7998
7999
8728
8001
8002
8003
9731
8005
8006
6071
7144
5050
8010
8011
8012
1690
9318
6194
3083
8017
8018
8019
8020
1899
670
8023
4764
8025
8026
9336
8458
2376
2090
4410
8032
8033
8034
7231
8036
8037
1686
8039
2578
7020
7868
8043
6590
8045
8046
3924
8610
8049
8050
4718
9365
8053
8054
8055
4270
8057
5601
8059
8060
5025
9174
8063
8064
6771
6335
8067
8068
8259
6594
8071
5475
8073
8074
134
8076
8077
8078
8079
1276
8081
8082
8083
2906
8085
8086
8087
8088
8089
1725
5130
8092
8093
4948
8095
8096
141
8098
3385
8100
8101
1841
8103
8104
8105
75
7973
7339
8498
8110
8111
8112
8274
3085
8115
8116
8117
3503
986
8120
8121
9897
9765
8124
4485
8609
417
8128
8129
8225
6652
8132
592
8134
8135
5356
8137
1139
6274
5454
7596
7101
8143
8144
9042
7535
6199
8148
8789
9203
8151
9014
8350
8154
8155
8156
8157
8158
8159
8160
4187
4617
8163
8164
4269
8166
8167
8168
9556
8170
8171
8172
8173
8174
8175
5611
4028
8178
7205
8180
7116
8876
8183
8184
6753
8186
8187
676
4711
15
5900
8192
8646
1447
6563
1077
287
8198
8199
8200
1708
771
8203
8204
1747
8206
9729
468
8209
8210
8211
8212
8213
8214
2124
8216
8749
2456
8219
7905
2469
5888
8223
2898
6886
8226
8227
8228
6634
8230
8231
7881
8233
8234
8235
8236
8237
8238
8239
9451
8241
8242
2118
8589
9020
2349
8247
8248
8249
8250
8251
8252
8253
8254
1991
8256
8257
795
3493
5713
8261
8262
3851
9367
8265
8266
8267
8998
8269
8270
8271
8272
4281
3150
1858
8276
8277
8278
8279
8280
9276
8282
8445
8284
4847
8286
8287
8288
4544
4253
6523
789
8293
8294
2302
8296
8297
8298
4140
8334
8301
8302
8303
8304
2211
8306
8307
8308
8309
8310
8311
8312
3667
2925
8315
8316
8317
8394
7582
8320
8321
8322
7517
7642
8325
8326
8327
5362
975
5620
8331
8332
8314
8300
8335
9178
8337
8338
8339
6569
3053
8342
8343
8344
8345
8346
8347
8348
8349
5674
4384
8352
8353
8354
381
8356
3921
2464
8359
8360
6641
8362
7926
8364
6571
8366
2869
2472
8369
8370
6164
8372
1419
8374
8375
8376
8377
8378
9954
8380
8381
2391
8383
8384
8634
8386
7242
9281
4480
8390
5433
2048
3156
8318
5536
8396
8397
5223
7638
8400
8401
6946
8403
8404
8405
7703
2086
8408
4597
8410
8411
8412
8413
8414
8415
8416
8417
324
8419
8420
8421
8422
8423
8424
7579
8426
8427
8910
8429
8862
6783
8432
8433
6786
8435
3689
8437
8438
5153
1009
8441
8442
9332
8444
9327
8446
4725
8448
8449
8450
8451
6341
2370
8454
8455
8456
9428
3915
7343
1681
8461
8462
6695
8464
8465
8466
8467
8468
8469
8470
8471
719
8473
8474
8475
8371
4709
5018
2608
8480
8481
7191
7491
8484
8485
8486
8487
8488
9564
8490
8491
8492
8493
8494
7281
7628
8497
395
8499
9221
8501
8502
6669
8504
1669
8506
8507
6396
7489
7159
8511
7601
7536
8514
8515
6447
1352
8518
8519
8520
5955
5792
154
8524
6001
8526
1117
5711
7048
8530
8531
8532
8533
2830
1981
8536
8598
8538
3021
5417
6314
9011
8543
1648
236
8546
309
8548
8549
8550
8551
8552
7922
8554
7138
8556
3408
8558
8559
7309
8561
8562
8563
8564
6611
8566
8567
7428
8569
8655
8571
8572
3484
8574
1226
8576
8577
8578
8579
8580
283
596
1194
1503
4598
5394
9906
8588
8244
8590
460
8592
8593
9268
8595
198
8597
8537
8599
286
8601
8602
8603
7301
8605
8606
8607
9592
9427
5372
8611
8612
8784
9666
1190
8165
6841
8618
8181
7822
8621
8622
8623
8624
1101
8626
7639
8628
1864
8630
3758
8632
8633
5770
8635
8636
8637
8638
5597
8640
8641
3337
8643
8644
8645
202
8647
4355
8649
1074
490
8652
8653
2853
7156
6356
8657
8658
8659
860
8661
8662
2781
8664
9995
2797
8667
7581
8669
8670
8671
8672
871
480
1656
1423
8677
2332
8679
8680
8681
5224
8683
6402
6555
8686
8687
4450
8689
8690
8691
3744
8693
8694
1169
9958
7090
654
2269
8125
8701
436
7505
8704
3418
8706
8707
8708
8709
8710
8711
8712
8713
8714
4596
8716
8717
7038
8719
2264
8721
8722
1493
8724
8725
8726
8727
8000
8729
8730
8731
8732
5115
8734
6599
8736
8737
8738
402
8740
8741
8742
8743
7014
8745
4816
8747
3003
8217
8750
8751
8752
2015
8828
8755
8756
240
8758
8759
8760
8761
8762
8763
5846
8765
8766
8767
8768
8769
8770
8771
6310
8773
8774
8775
8776
5342
8778
5927
8780
8781
7516
8783
8613
8785
8786
8787
8788
7767
8790
8791
8792
8793
8794
8795
8796
8797
8798
8205
8800
8801
1188
8803
8804
8805
128
8807
1703
8809
9662
5583
6833
8813
7686
8815
8816
8817
8818
8819
8197
8821
8822
8823
8824
6801
8826
1167
8754
748
7181
8831
8832
2397
4429
9587
3459
3089
8838
1420
636
6475
8842
977
8844
8845
4641
4951
8848
8849
8850
8851
4658
8853
8854
8855
8856
5588
8535
8859
3166
8861
446
3350
8864
9512
8866
8867
9033
7574
5996
8871
8872
4118
2326
8875
362
8877
8878
8879
8880
8881
8882
8883
350
8885
1292
8887
71
8889
5132
8891
8892
8893
2380
9520
8896
7423
8898
8899
8900
8901
7180
8903
9717
8905
8906
8907
8908
8909
7359
8911
9372
5665
6907
2346
8916
8917
5469
8919
8920
8921
8922
8923
6919
6364
3490
4861
8928
8929
8930
8931
3469
8933
2289
7051
8936
8937
8938
8939
4660
8941
8942
8943
428
8945
8946
4347
8948
6912
8950
2093
4251
8953
8954
8955
4143
7653
8319
8959
5890
8961
8962
8963
8964
8965
8966
8967
3627
8969
9960
8971
8972
8973
8974
4134
4073
8977
8978
8979
8980
6224
8982
8983
8984
9340
8986
8987
7071
8989
8990
8991
8992
8993
8994
2521
1441
3997
8268
7539
9000
4618
9002
9003
9004
379
9006
9007
9008
6457
9010
8542
9012
5868
7612
9015
813
9017
9018
4612
8245
9021
6223
9023
9024
9025
9026
9027
9028
1468
9030
9463
3033
3472
9034
9455
2334
9037
9038
9039
9040
9041
6711
9043
4000
9045
9046
5174
9048
21
9050
9051
9052
2169
3864
9055
9056
9057
9058
9059
9060
9061
9062
9063
9064
3763
1154
6027
3984
1602
9070
9861
9072
2673
9074
9075
4823
9077
9078
1716
1145
2890
9082
9083
5877
9085
9086
3097
9088
9089
514
9091
9092
9093
9094
5638
1295
9691
9098
9099
7619
2865
9680
9103
9104
9105
9106
9107
9927
9109
3246
9111
5177
9113
9782
5376
9116
9117
9118
1269
5631
9714
9122
9123
5084
9125
4741
3521
9952
3332
2266
9131
9132
9133
9134
7394
9136
9137
9138
2280
9140
9141
9142
9143
9144
4399
9146
9147
9148
9149
2298
9151
9152
9153
9154
9155
9156
9157
9158
9159
6350
9161
6964
518
5114
9165
9166
9167
6158
4561
1626
8195
9172
9173
1518
9175
9176
1615
8305
9179
9180
9181
9182
9183
9184
2043
9186
9187
804
9189
1857
5706
9192
9193
2174
9195
597
9197
9198
9199
9200
9395
9202
8150
9204
9205
9206
9207
9208
9209
5751
9211
9212
628
9214
9215
9216
9217
2634
9219
9220
8500
9222
9223
9224
9225
3980
7034
6764
9229
9230
9231
4341
9233
9234
9235
9236
5731
9238
5233
3723
9241
9242
2177
5340
9245
9246
9247
2144
9249
9250
9251
9252
5453
9254
9255
9256
9257
9258
9259
9260
9261
9262
3804
9264
9265
2461
5773
8594
6969
9270
6216
9272
408
9274
9275
6019
5848
4624
9279
9280
8388
9282
9283
9284
9285
9286
4288
9288
9289
7689
9291
9292
9293
9294
2230
66
9297
9298
9299
3012
9301
9302
8341
9304
9305
8080
9307
9308
9309
5252
9190
638
9313
6796
9315
9316
6440
7504
9319
9320
3170
9322
9323
9324
9325
9326
8283
9328
9329
9330
9331
8443
9333
3050
9335
3162
9337
9338
9339
8985
9341
9342
9343
9344
9345
9346
9347
9348
9349
6911
820
9352
9353
793
9355
9356
4739
9358
9359
9360
1452
9362
3190
8997
8052
9366
8264
9368
6013
9370
9371
5395
9373
3411
8232
5361
9377
9378
2490
9876
9381
9382
9383
6102
9385
9386
9387
2742
9162
9390
9391
9392
9393
8615
9201
9396
9397
9398
6826
9400
3835
9402
9403
9404
9405
9406
9798
9408
9409
9410
9411
9412
3027
4277
5700
6727
9417
2366
9419
2978
9421
9422
9423
9424
1524
9426
8126
7646
9429
9430
3151
9432
9433
9434
9435
9936
9437
1867
2764
9440
557
6264
9443
1874
4575
9446
9447
9448
8888
9450
8240
9452
4185
9454
1787
2672
9457
9458
2040
9460
9461
9462
5410
527
9465
9466
9467
9468
9469
9470
2214
9472
9473
574
2533
7947
9477
9478
6805
5537
3539
9482
9483
9484
9485
9486
5528
9488
9489
941
377
8665
2840
9494
9495
1624
8837
9498
9499
9500
9501
9502
9503
1393
9505
9506
9507
9508
9509
9510
6
8865
9513
9514
9515
9516
637
9518
9519
4724
9521
7635
3039
9524
9525
3725
7229
9528
9655
9530
137
9532
9533
8802
7722
9536
9537
564
9539
9540
9541
9542
9543
9544
9545
9686
9547
9548
2990
1499
3668
9552
9553
9554
9555
9905
9557
9558
1432
4988
4418
9562
9563
4936
9565
9566
9567
174
6182
9570
9571
9572
9573
1240
6656
6342
9577
9578
9579
9580
6365
9582
9877
3621
9585
9586
8835
9588
9589
9590
1489
301
1343
9047
6093
9596
6261
9598
9599
9600
9601
5397
1161
2137
9389
9606
8918
9608
9609
9610
583
7821
9613
9614
9615
1720
9617
2008
9619
3204
9621
9622
9623
9624
8333
9626
7747
9628
9629
9630
9631
9632
9633
9634
9635
9636
8528
7099
9639
9640
1667
9642
9643
9644
1796
9646
9647
9648
9649
9650
5609
1541
9653
9654
9529
9656
9657
9658
6353
5172
5176
8810
489
9664
9665
8695
5645
9668
9669
9670
9671
9672
4834
4690
2010
9676
9677
9678
2899
2228
9681
1286
9683
9684
9685
9546
6349
9688
6856
2711
775
9692
1299
9694
8108
5960
9697
9698
9699
9700
9701
9702
1861
9704
5037
9706
9707
9708
9709
7527
9711
6744
2753
3905
9715
9716
3830
6959
9719
9720
4293
7936
9723
9724
4316
9726
9727
1584
8207
9730
78
3504
6162
9734
9735
3303
9737
9738
9739
9740
9741
9742
9743
9744
9745
9746
6885
9748
9749
9750
7463
9752
8996
9754
844
9756
9757
8476
2934
9760
5839
9762
9763
7212
8123
3580
9767
9768
9769
9770
9771
9772
9773
9774
9775
9776
3160
9778
9779
9780
9781
2202
9783
1474
9785
9786
9787
9788
9789
2333
9791
9792
9793
7748
9795
9796
9991
3435
9799
9800
4044
3549
9803
9804
9805
9081
9807
9808
9809
9810
9811
9812
9813
9814
9815
6312
9817
9818
3138
9820
9821
1778
5943
356
9825
9826
9827
1810
9829
9830
9831
9832
9833
9834
9835
4933
6658
9838
9839
9840
9841
9842
9843
1333
9845
9846
9847
9848
5869
2602
9851
1884
9853
9854
9855
5903
9857
9858
9859
7469
9071
9862
2506
5078
9865
9866
9867
9868
5636
4356
9871
2581
9873
9874
9875
9380
9583
9878
1114
9880
9881
7500
9883
9884
9885
9886
9887
9888
4443
2113
9891
9892
9893
9894
5113
9896
8122
9898
9899
1254
9901
9902
5913
9904
5220
8587
9907
4684
4879
919
4609
9912
9913
9914
2882
9916
9917
9918
9919
7759
9921
9922
9923
1996
9925
9926
2954
3074
7315
716
9931
9932
9933
9934
9935
9436
5572
9938
9939
9940
1737
9942
9943
9944
9945
9946
4226
7542
9949
9950
7213
7436
9953
8379
1166
9956
1001
8696
5094
2583
9961
9169
9963
114
9965
9966
9967
9968
3480
3616
9971
6422
9973
9974
9975
9976
9977
9978
3714
9980
1549
9982
9983
9984
9985
9986
9987
9988
4340
9990
9797
9992
5637
9994
9492
9996
9997
6225
9999
