5000
1436
454
2768
4852
3519
363
2973
1704
1385
922
3670
2505
3764
4175
1312
4479
2489
2214
1077
3273
935
1464
4674
233
1550
4457
4917
1051
1570
3588
2201
4117
3233
1828
2571
1992
1779
3852
4196
2260
4925
4662
2778
3864
2877
1258
1836
2189
956
203
2928
2185
3551
1572
318
3182
2590
4336
3453
3872
3662
4629
1106
2681
1745
4199
912
2053
2197
4722
4754
1479
1241
4029
3830
4989
4484
17
458
2981
4736
3407
2896
1827
1597
4737
3708
3535
1696
1871
1083
1225
3487
1416
3720
1355
2922
1370
2413
3033
3582
4372
1874
3018
416
2843
1082
1860
3065
1944
4540
3031
2685
4131
3571
235
1395
2661
1534
2366
2370
3196
3784
4546
2887
5
4510
4652
4886
2609
3474
3724
2092
1352
4912
3026
4260
3421
1432
4002
1980
3218
2696
3770
2255
591
798
3152
2400
4654
1089
1137
63
1158
393
2640
4202
2055
3989
3628
3774
3618
3036
4045
4423
3466
3023
814
2873
1033
1457
1179
1522
2699
3637
1793
26
4127
2862
4019
3129
535
4135
3822
281
1917
426
10
4347
1861
1771
3430
1343
98
87
1645
430
3221
1639
2058
741
2094
1240
3044
3558
4867
497
4143
409
1621
4617
4053
4348
419
868
2142
2596
2674
1093
3096
3223
2777
101
4958
4401
2269
3554
2569
2775
1939
4192
2763
2242
1584
3600
3498
2956
1595
2424
1139
4810
1868
1159
2163
3308
4903
2543
1247
254
3436
3102
4172
244
3199
1629
1034
512
4132
1038
4480
2372
4685
1383
4712
1909
4209
3904
1308
4769
545
532
4577
4812
1101
1218
4390
1492
1490
2248
2791
1421
4063
3946
1433
3445
131
2226
3882
2374
2847
3669
704
3775
2246
2115
3900
840
4035
4215
1342
4105
4642
759
3580
1728
4028
1138
699
3070
3503
2608
3135
540
1187
2173
1079
4888
723
3584
951
3077
3846
1567
4825
4593
4565
1820
1822
1174
4430
2257
804
1198
2585
2564
2119
2876
2643
1880
4324
586
1641
3198
1120
1173
963
1707
1013
1298
2292
3546
1594
2315
932
4180
2574
2534
1667
3299
2989
2581
3924
1751
1566
4331
4464
1633
4907
2642
2633
3009
3604
4453
4681
3229
860
4521
2451
1753
1030
4381
1397
4644
4538
2783
3840
3777
4188
1702
4591
1169
1768
3019
4145
403
3749
3418
2573
4362
18
198
3709
4660
2014
3239
3931
2897
2507
1994
4972
3843
2593
4873
1879
3391
2550
173
4881
637
123
2959
1497
3067
2525
329
2589
3486
4016
3351
4222
4742
3579
1366
3439
179
4243
3889
1087
4934
3501
2688
258
3184
925
3145
65
3488
3505
2720
1190
706
3627
1125
810
455
2428
3681
4115
2377
2147
135
2199
3997
3086
3697
989
3525
1913
3091
3208
1848
4588
870
4816
1177
2030
3639
2806
4276
3016
4263
4044
3012
1983
4108
2537
2925
3647
1858
865
2740
142
3860
4436
1019
3520
553
2770
3980
4695
1610
491
662
3134
1164
4866
2968
4942
1450
483
861
2990
3564
4416
997
845
1918
1533
321
1976
478
3859
4641
3739
3475
3042
3465
775
4879
205
4856
2050
517
4813
1017
4187
1417
2836
3370
3866
243
937
3996
3472
1806
168
103
3464
2146
418
4965
2559
3675
4700
792
1817
4980
3409
2426
3363
364
3140
1043
1898
3844
3170
946
1504
1797
95
618
4322
3763
3372
2376
2491
444
3919
4097
850
2284
161
4371
4598
1734
2520
1041
3243
2535
2355
3384
2021
3712
1449
1619
3820
2954
2911
2619
4803
823
2320
1304
2464
2086
2905
1007
610
4171
1439
2751
2299
4177
1552
1950
4999
744
3220
1899
313
4183
3868
4252
825
2071
4805
3950
3687
3841
4749
4391
3320
181
4614
3540
4496
4861
717
3293
3633
790
3127
1359
2367
372
245
2134
460
2824
913
4926
1887
4227
2414
3286
770
2555
3165
4846
4257
4148
3856
1814
2827
310
2122
1161
3459
1636
4212
1448
800
4149
3364
1723
270
3651
632
2561
4535
1271
1705
816
636
2223
4703
3539
1761
2810
1332
2764
2969
3382
1916
3298
4070
4078
4666
4949
2061
2340
3842
2319
501
2967
73
425
2000
347
3518
89
2634
2083
3180
3200
423
4466
2648
2113
3659
4533
3291
4278
1770
969
3534
3578
1866
4421
967
4208
3322
1162
407
1381
1314
526
1708
953
518
2373
2624
657
2546
2304
559
914
1901
55
3262
3544
4138
3037
1405
4370
3783
271
4974
4102
2669
4699
4679
3034
3891
3626
2592
4195
1508
2477
1844
4445
2059
4645
1246
3422
1842
1415
2282
1208
4930
275
2271
3485
4895
1267
2157
2407
3035
3977
1559
1886
2362
1288
3467
4899
1703
4709
3696
916
1447
4932
2776
3136
2020
106
3939
3832
2207
726
2841
15
494
156
4941
4717
4330
2938
3312
722
69
2752
4487
4547
4947
2145
57
4732
1623
2088
493
2890
1108
4163
1362
4530
1102
3688
4661
2009
3281
4639
1122
1539
2757
1688
125
3796
3974
3082
2907
3623
2259
296
4528
477
2231
1307
1643
4043
2382
414
1746
3087
529
2812
4287
670
3607
549
3795
1377
4822
437
3798
4509
4928
3104
1004
4794
593
2084
1940
1557
3597
4433
507
1635
4718
2182
4789
213
1693
1831
3204
199
2955
4676
3356
4882
1604
2667
3912
440
2100
2074
2002
2893
4261
858
4368
3355
981
4690
4353
196
248
2410
3015
4689
921
4218
1795
754
3497
1747
2222
4615
3995
3541
1989
3645
4272
2613
2636
2851
2349
3287
1780
3886
3027
389
4673
1808
4698
2689
3532
3426
2279
1265
3865
602
1582
152
4955
212
1095
2976
4868
3726
3066
1280
188
1925
4281
2334
4250
3803
830
1344
4575
62
154
3387
1544
2333
601
1189
1302
1303
260
1959
3901
2552
4338
3028
3402
4228
3800
4765
1906
2644
2022
3537
3509
3294
782
2005
3955
1541
2462
927
661
3113
3075
2916
2285
4696
2294
3526
1470
4450
68
2621
581
4910
3071
2467
3621
24
4508
1686
3011
721
3883
3757
2154
2339
505
3359
3533
276
1735
1052
787
357
3778
2072
1804
1710
3160
3328
2737
3814
4997
361
3660
999
2993
3394
3205
3050
560
1119
2860
382
3553
4462
1068
1777
1297
2572
4472
1469
1711
4608
2296
163
4412
2425
390
2337
749
1598
1031
4283
2450
2700
4922
1191
4129
832
488
2087
1843
1599
538
829
1945
3568
4951
2354
1764
2684
3594
4306
1749
4151
2172
2772
4153
3357
4625
2420
1255
2434
835
3456
421
753
2504
1669
3252
3769
647
1752
2109
208
725
752
3274
2895
3095
1176
468
2364
3212
2753
4670
3550
694
1854
3073
1589
2994
4443
598
4841
4623
3338
1081
3141
614
1078
3570
4687
465
942
2089
663
2455
4497
985
3667
4847
3492
190
72
4141
351
1697
1911
3815
4307
293
630
187
4211
3360
2599
2228
2566
3871
1731
4049
1057
4169
1239
82
4811
1613
3542
2867
1474
1329
1463
558
3008
2417
780
3845
2153
3703
3111
1440
3947
4971
1020
2852
4128
2195
197
1059
1601
1832
3210
3479
4077
643
1496
2293
3314
2241
4432
1073
746
3377
1107
4369
4454
821
3060
3785
1659
4034
4563
1884
1466
3246
3834
566
4458
3566
947
513
1217
2303
2239
4823
2553
3482
4915
665
3807
2941
2587
1148
1754
90
295
92
1379
1607
4734
1316
3344
1772
3090
2606
3222
3469
232
2395
3368
2160
2457
2396
1579
1515
2680
966
4068
2212
4086
3932
1010
2330
638
3835
1361
239
1434
1839
1575
1018
192
3148
3362
4239
3352
4612
3247
3829
1205
4205
398
2295
1767
4379
1756
2327
120
2316
4969
1491
1319
516
2693
1499
3713
4337
1726
911
1952
1358
4501
2341
3285
4124
539
697
4653
269
3335
373
4062
1616
2509
277
4100
3062
4783
3827
2218
1907
1165
3831
3914
1076
340
3132
3847
1133
1910
4107
619
4031
727
3559
1997
1220
3194
4604
492
4335
3915
4603
3158
164
1141
2714
613
4413
3379
3643
3450
584
4427
2531
4850
4618
1701
453
1894
84
592
3470
28
1346
4893
3548
3234
2909
679
284
1895
2519
710
1973
1046
3334
2765
1420
3076
2844
1111
2037
940
3851
616
4233
3758
4315
2368
2635
4160
1732
4230
2465
4863
2864
3093
3390
3811
3021
1185
2479
2188
1885
4504
3366
1562
4959
2942
1305
2690
686
4025
1300
452
3848
4273
368
1852
4806
1912
1587
2324
4567
237
625
4838
1212
2617
4240
4505
1620
169
1301
3740
4874
2794
693
4449
2445
1140
224
2024
4678
1257
4008
682
4605
2869
1318
2141
174
4253
2148
4385
2224
2219
29
4041
644
2803
674
1847
1555
1670
1243
227
884
3417
2521
688
668
3677
2180
738
4562
219
1009
67
3728
3692
3961
3207
2850
3457
742
463
4891
1941
461
4797
1627
1418
4075
327
833
4952
4851
3068
3051
3652
3813
2539
4870
824
1510
1453
37
4655
841
2512
856
2675
1369
294
2588
1055
32
2497
834
2760
2003
1957
335
1338
59
2731
3006
2580
2350
1653
4289
3861
2657
343
4578
2918
1184
4919
1357
1716
1676
620
378
2809
3098
1454
4438
2126
924
346
466
2494
1327
1790
1837
883
3323
902
4357
3405
1273
4957
3411
1650
3916
4513
1611
2708
2800
4697
2208
874
2846
431
4167
3056
1472
3646
4314
1677
273
3176
4098
3395
4244
3329
807
735
1389
1284
711
1197
2449
79
3256
1742
4987
1456
4995
3729
1556
4659
1157
3701
3131
2461
1
1049
4247
1103
2194
1857
2798
3446
457
350
411
806
1261
4927
569
1787
1349
4992
27
1188
4133
3508
3400
4628
2694
3816
4963
404
530
2500
3991
3424
3004
3177
4255
354
2704
2871
2951
4936
3397
2401
875
4456
4152
604
4155
2468
3340
3267
3013
300
1763
542
1865
2011
3700
2312
2987
1605
4298
4964
2151
4686
4446
2482
4268
992
4514
1124
1855
2287
2488
1523
1932
4589
2378
1642
352
596
2523
3898
4312
708
4082
406
1762
3953
750
1118
1200
3343
298
2755
2485
2668
4122
993
764
4684
772
4094
3631
2874
4979
2064
2418
2562
4085
1387
369
4248
1227
3632
577
3303
3723
1729
2882
4506
3225
4376
1223
4977
2526
3599
4854
838
4970
1760
3965
1337
3349
2906
3144
3556
2495
2999
2759
1825
767
2138
3971
957
1419
3490
4826
2577
978
574
1668
3515
4440
1435
4551
2818
1712
3052
1341
3747
1166
3657
3142
4292
556
462
3326
930
2404
4776
1864
4877
3746
56
608
1380
4555
1016
1502
3524
66
4493
353
2245
718
4065
651
3444
2176
2203
3641
1360
2329
2630
1126
910
990
2769
2244
4570
3674
781
3458
4677
650
4733
3350
2950
4104
1287
2017
4118
129
2787
995
375
2902
2808
4500
2116
1498
3440
2082
3496
4800
1424
3614
331
137
4448
1658
1372
519
2646
4613
4710
4714
4021
828
3574
891
1039
567
1391
3984
459
2381
334
3214
1727
2015
2232
195
2767
2117
887
3448
1404
1603
4393
3982
4326
1461
3017
380
3603
94
2814
4040
3315
252
691
3495
97
21
3678
3973
4101
3209
4973
1224
573
1196
424
3913
4030
4574
2656
3270
784
4344
4786
1178
3183
677
4414
4840
240
1364
1540
3689
2870
4047
4476
3572
122
400
162
226
2695
4715
1462
39
3888
3376
3462
4596
2744
114
1131
4921
4057
402
3727
2637
3190
1769
1441
3237
4966
3608
3179
2660
487
2230
2168
1853
2469
7
3967
1409
4748
3452
288
3806
4396
1085
3870
3673
3909
1577
2252
4339
2620
2662
2701
2962
2343
3163
3698
4943
3573
4767
803
3514
1571
3699
1006
1207
617
2986
2861
2047
1181
148
2996
1228
2924
2496
4601
2106
180
3242
1903
4147
2629
536
510
4435
1195
2429
209
3833
2665
3432
1276
367
2513
4586
3083
853
1256
2110
3615
1056
1363
166
4572
3105
2672
4091
222
170
2006
2310
4525
4052
3596
410
1096
2679
2650
4279
4482
1971
3744
4534
1813
3406
4602
1699
4024
1064
4405
4157
2490
2313
1675
2272
2171
1900
2625
836
1483
3839
851
2710
408
471
4055
1821
4774
3215
2161
1334
4991
3201
2440
2150
1345
1617
1084
4206
2750
4200
2732
1564
3581
1553
4815
140
950
740
2076
3481
1791
2692
2010
3500
4126
3858
2532
4512
2229
1542
4751
1428
4492
1426
34
3321
1147
1144
2645
2823
2828
3442
1048
234
2727
629
1933
2427
4254
1486
4259
86
1183
2709
4896
2220
3557
3137
1283
2186
1551
2200
2977
1443
901
2530
1537
973
1040
986
575
1908
769
1953
1150
1644
3668
4140
1560
4460
2891
1104
908
1958
1354
2435
929
1576
2091
3301
1115
3923
4637
1694
938
2436
2033
4724
1516
563
1152
3206
311
622
4940
4656
4168
4740
4403
2511
1494
1651
4746
1990
3511
2811
2960
4622
920
2899
4004
3903
3116
297
991
1325
2536
266
3963
1809
3894
1606
2527
4853
2124
1987
4468
2311
2712
2658
1160
1778
2498
3956
1786
1585
2575
4855
1565
1222
776
4876
1535
4156
4069
1554
1054
3926
4061
3443
4121
3512
3650
4032
4756
4293
434
4087
3531
4103
2102
1784
4110
3367
3197
555
4721
3805
1588
709
4984
3966
448
3166
3381
2529
1573
2338
1919
1789
2062
1394
979
831
4787
3976
2997
3300
1266
1105
4864
2403
1876
2026
3235
1927
2947
3230
3986
599
1608
2602
4960
1586
4758
983
204
1475
3103
1965
506
4784
3089
2278
585
2432
3072
960
2213
3642
3772
3661
4386
544
1437
3884
264
246
4170
587
2554
2742
2018
489
3959
3922
3451
4039
871
3962
789
864
4340
420
3516
4791
669
3304
4507
2181
3753
4162
2790
1458
2152
2779
2080
2618
4747
160
3128
2121
2821
2831
3935
3053
3133
3403
4650
4665
3527
4267
362
3092
2211
1262
2584
3455
4178
2881
1069
4402
132
3818
1530
412
1713
4727
3078
4752
146
4327
267
216
2582
11
2043
3216
41
4072
3040
1292
3589
2649
4090
628
2789
3061
3336
1330
837
3881
4894
1388
1920
2747
4643
4924
2108
1467
3333
105
3046
2583
2522
3174
4839
2263
4050
4610
3193
2077
4304
1153
3649
1985
4341
3250
3837
4285
4741
3151
2478
1824
3115
4671
2406
1816
4720
698
3878
3812
3431
3569
2807
3733
127
678
615
4901
1488
4417
2785
4906
2651
1590
1401
534
2318
316
1230
25
33
4419
2730
2506
3937
4042
2125
4280
3792
1336
433
766
3718
4301
8
3547
385
1236
2078
322
4083
2834
485
3895
4076
570
3809
3890
3613
808
1893
4033
2749
1890
582
1596
1117
656
3789
283
4832
3957
4878
4467
2306
2035
285
3279
150
2392
3049
4762
3425
4092
481
653
3043
186
61
4818
2463
1823
4571
4981
1293
2711
760
1998
4648
2456
3927
1810
4397
3211
429
2813
1465
3908
43
1221
1706
3240
4988
546
2879
76
4060
1815
684
2165
3565
4399
4708
3473
1339
2939
1128
1408
1964
1722
565
242
1968
1546
1846
4702
2830
712
4976
4738
802
2104
2568
1720
1259
3748
4808
4634
104
2419
1116
3714
3862
2164
703
2140
4258
3791
3610
4015
2073
4238
3081
4442
2270
1097
1775
4203
854
2416
4475
3259
509
2612
476
3325
2044
4553
1995
4106
4707
3612
1468
2470
2796
1172
4366
2885
571
3283
2784
3147
4359
4694
4054
2853
3383
4404
4431
2556
2991
758
958
1313
4473
3722
2944
3850
2066
2603
386
1310
2227
4488
3249
4908
500
1061
4775
397
4626
3656
2288
4543
2804
3238
3493
3549
1984
1382
3893
4600
3471
2517
4204
4667
1660
3168
336
1213
2627
1254
307
257
3704
3289
4843
1194
1717
4384
4236
108
3025
4580
1476
3773
1863
3992
1180
3231
2845
4154
4606
2041
4221
2205
2405
2275
35
959
3494
4820
1396
1376
1058
2095
923
2540
2835
1514
881
2908
3779
1662
4549
3521
2487
3358
4364
1335
4909
1923
50
99
2932
4109
3576
635
936
2097
3945
1135
1524
2305
4544
1914
388
1374
1757
3731
2090
1507
2654
4933
4096
450
4383
1692
4225
1275
449
1065
2256
815
2156
3710
3819
737
171
3522
3786
4217
3634
4320
207
595
700
3398
2641
251
3097
2935
4088
1029
2056
2437
447
40
1234
445
1201
1961
3253
2598
1411
3410
3437
3854
236
2067
4916
200
2202
3543
3014
2394
1027
1851
589
1807
4590
280
4904
345
578
19
4827
3622
3665
2166
3156
250
1015
3143
1996
504
1091
3292
1529
3906
4345
3101
4597
4176
820
439
4905
1624
1481
2717
4675
606
2162
2118
306
4536
4537
2601
646
4559
537
3347
2610
4395
4328
4317
2103
4245
3683
4351
3979
2004
4013
4377
3277
904
1518
2898
2970
3706
36
4350
3045
4857
2411
3857
3587
3838
3054
2825
2829
934
876
2001
4529
3125
3732
648
3389
2352
436
1618
576
797
3244
4900
659
1063
3316
4795
2570
4194
2754
2652
3284
2075
1517
3940
2705
1274
1232
1146
3048
2453
4354
2234
4946
1625
3112
1766
1654
1400
304
4764
4112
1593
2718
3433
2179
3361
1583
3420
1782
2868
2027
1527
852
2206
1277
3038
1407
64
777
3943
191
2972
371
4426
1438
3849
652
941
228
1666
320
3981
1351
1520
1897
869
4573
3742
849
3942
906
2384
3217
3153
2963
4948
2069
1942
2183
3671
1075
1612
456
2347
3817
2921
2638
4048
342
3766
2912
655
3317
1862
2421
3782
3585
3348
2995
1244
3393
3873
1086
4441
1519
2771
4780
1100
3741
1485
3679
4834
4723
42
1632
81
1721
1943
2961
4897
1386
1630
2262
1781
2379
899
3969
4229
4190
3609
3069
4282
467
2356
2691
1902
4059
2264
4587
1937
2595
290
4036
4632
3577
415
2686
2393
3715
1071
1512
2815
1758
2920
3938
1830
3828
1834
121
3063
1315
3648
1168
3960
931
2412
944
2204
3296
3138
2639
3954
1353
2265
568
2359
3717
413
866
607
2514
4266
2112
970
83
2735
1783
3730
1700
4532
1977
2984
1129
2438
4409
4365
3887
3468
4474
664
4486
1743
4779
1249
2474
2409
2622
4814
1321
2865
1724
292
3345
2250
879
4849
4311
4428
3855
1981
4232
4358
954
3907
4836
1142
4291
3427
3154
2839
215
4066
968
1023
130
4329
3378
4174
4778
1392
4568
597
2210
2931
4798
2716
176
312
4552
1785
4398
1709
3480
1281
3186
1776
2542
1260
3711
4631
514
4735
3264
2065
2724
2167
4321
4408
4
2666
3245
3460
1755
2063
685
2713
4595
4219
2670
3219
4478
2358
4517
1402
4374
3404
3804
809
3373
4463
2096
499
2131
3658
3826
2099
1242
4197
2565
3951
3810
3625
2298
4005
2045
3057
1002
1062
1451
2964
3477
2979
31
3342
783
666
38
1979
550
1819
3447
4429
46
4334
4495
1818
1792
3353
4146
2849
1661
4953
238
4719
2458
3765
3595
4491
2398
3306
1915
4743
2802
1134
182
4584
1099
2448
4576
2549
4647
3290
4120
1092
2766
3735
900
4439
4522
4284
1689
4890
2034
730
4802
768
3282
2858
4923
761
863
4310
1986
4542
3195
3310
4937
1741
3663
2383
2280
3122
23
6
1503
2261
2344
2286
734
4869
202
2068
1050
3590
844
654
2040
4880
263
701
4770
1171
3755
1311
4730
2408
1290
3983
680
1044
3552
1788
714
107
1014
4264
4142
4318
2251
3949
2038
193
1678
3561
3146
2128
3538
4400
4592
3821
377
2548
1765
4792
4773
2266
1640
1278
1549
2966
818
3094
3994
988
2454
3002
4360
4763
1333
3885
1929
4630
3517
1638
2060
805
4569
1294
2085
1331
2597
897
391
564
2682
3149
435
1282
827
3948
4235
2446
480
522
2277
58
3478
1444
1493
4018
4382
4875
3297
1367
177
965
2780
2586
3863
4316
218
762
3295
4073
3510
2225
3905
2221
4422
4294
2919
4375
4585
4373
4745
4887
1800
2105
4548
4616
2579
1993
4994
498
4411
473
1384
1070
728
392
3064
3260
4420
1066
3313
1682
2476
2493
4046
3251
4982
2492
791
1673
3917
4361
4804
2051
4865
464
859
3902
3415
2901
442
2079
1982
2314
1378
14
3705
895
2353
882
2605
4611
4299
2149
939
1803
3100
4483
2756
2560
1685
3743
634
579
3305
751
20
2267
365
1272
1924
151
3879
1691
1578
1905
813
796
1151
588
128
4985
1035
2473
118
2057
1829
3719
2842
3958
4424
2992
1581
1835
49
623
3638
3970
2838
4189
4809
1001
842
1930
4165
748
2854
785
4214
1480
873
4434
2719
2236
1136
3007
1877
4828
2678
2174
112
4609
3107
3685
4186
4956
3867
2052
2123
4691
964
3802
247
2028
3024
2663
417
1445
1794
1663
1967
4633
786
469
2923
1637
4333
323
2480
533
1268
4902
2736
2982
175
110
3337
2591
2761
2952
1285
167
2615
4274
3874
4619
724
609
4524
2707
1665
2801
4251
1430
2175
2023
3664
1037
1856
4911
1802
1999
1042
3022
309
1718
3911
3327
2301
3280
4058
1547
4367
521
3794
2946
1067
977
1000
2733
2132
2698
1690
4001
2439
3172
3392
4531
1798
2741
1250
2169
231
2483
2399
302
3123
3330
905
739
1375
185
612
210
2518
3737
3106
3369
2336
4410
348
1237
2387
903
4862
2190
2032
13
889
4303
2291
3374
4777
4566
624
495
1356
3602
2943
96
2484
2848
4113
1045
30
1328
2726
330
2323
2322
2472
757
2917
138
4125
2626
765
1406
356
1263
3484
2297
1348
2325
256
1326
962
4210
2703
1323
1471
847
3504
2386
2628
1011
2607
395
1322
223
4051
2788
4801
1053
4914
338
472
4296
3787
2443
1072
2093
2127
3682
996
774
2345
189
159
1719
2177
1796
109
308
672
3801
1774
3605
3877
4216
2331
3388
4346
4191
520
438
4898
3419
4407
1422
2655
482
4020
2673
479
2723
1826
4286
3988
3654
572
531
1245
3676
4026
3934
933
2129
3041
4309
1482
4099
1569
857
2508
3000
2120
4845
3738
4663
3684
1026
214
987
621
1869
4558
855
4620
2933
2130
3202
259
3371
2048
282
2544
4499
1365
3030
2136
1423
1500
707
4848
286
4249
4658
794
2397
399
3825
4084
4498
4782
773
3175
4144
4246
3167
2191
1574
4159
771
3241
451
1511
1484
4950
326
3309
4451
4356
862
4824
880
3606
2049
2317
1509
2978
3725
1186
2217
1047
1926
945
1156
3776
60
2184
3686
1505
3173
2985
2988
4012
819
1155
580
2859
1143
3771
3188
253
48
3454
428
4607
2054
2170
4564
915
1730
1904
1008
2884
756
1286
4967
3680
778
4136
85
4027
3750
1649
2653
4683
1204
44
4844
890
4269
2734
4503
1295
1487
4173
3311
4539
3910
22
4842
4668
4363
1750
2855
45
3876
4766
2974
2441
4022
4452
4234
2135
1951
4993
1526
3745
3120
1270
3236
4518
272
4858
3412
552
2715
4583
3929
3644
1873
763
658
4313
3693
4485
4830
4418
4929
690
2365
2402
2578
2857
2567
201
262
4883
1966
4461
3499
315
278
3528
4275
370
52
126
3691
4469
2980
1233
948
4788
3999
919
4757
206
4519
2346
1005
80
2499
4725
3624
3001
793
2948
2452
3734
4181
3998
1347
843
3797
3228
1214
1947
2816
583
2913
3563
3583
667
78
1715
1948
4164
2937
3191
4074
1199
172
3319
681
4954
339
2676
1970
2243
1414
671
2889
3227
4649
3213
2903
3416
1513
3892
1412
2927
4241
4978
3707
4913
133
3824
4716
3121
111
4014
3275
4182
268
3636
812
225
165
4761
1975
4389
4150
211
3178
2144
2745
2238
1946
4961
4447
3799
2594
2031
2308
3694
2840
3617
3897
3272
3341
3010
102
4003
2114
141
811
1478
383
2348
71
676
4134
2209
1867
4437
1371
4343
4701
2805
3203
47
2423
548
893
603
2687
4325
972
4089
3560
878
1340
2880
3506
1060
2137
3721
4545
2832
2528
733
1602
1154
4288
1398
1883
3990
4672
1403
4201
1279
54
3005
2886
4007
3925
511
2728
4116
3055
3385
325
359
1506
3428
4556
2430
77
2192
496
4646
9
3189
183
1671
4470
1626
3181
4938
4680
943
2433
2888
2773
2945
1896
147
3324
2975
4010
4262
1841
432
3933
53
839
2328
1074
2447
1680
3162
502
2503
949
3964
4444
3869
2375
1759
100
3109
928
4692
2247
2274
4378
1368
4067
1805
4352
241
1737
4781
2930
2289
2915
1934
788
551
2758
1094
2361
3695
3920
2616
1845
1528
1592
2892
1657
1296
2081
2036
1563
1656
4755
3899
4599
2039
2013
4223
3126
4594
716
1974
474
826
2290
405
1235
4871
332
3157
4561
3155
1090
2664
2008
4490
4000
3401
3074
4038
2466
4829
1956
3039
4768
1631
2216
528
1568
4017
3399
1882
3169
4975
3993
2659
427
4833
2019
4161
4885
2007
4265
917
4455
872
1525
3288
4835
4308
4119
3461
1252
2302
1110
1390
3928
2558
1936
3271
3
4481
396
2819
3254
2475
314
2949
3265
2722
1036
374
3592
116
3836
4621
561
3414
4892
4300
1812
3232
4831
93
88
715
1425
909
3767
639
1226
631
4744
892
2929
2983
3823
2249
3047
1531
1350
907
3110
4489
3593
1609
1840
2196
2792
3346
1991
4693
3150
4790
1431
2623
2541
443
888
1615
153
119
2178
2444
2046
642
4193
3762
3269
3972
3944
384
4388
2697
2502
3257
974
3555
145
3502
2326
2391
1888
4704
291
1455
2198
2101
675
4459
1182
3003
1679
4550
4705
2357
2863
1740
3302
360
1891
3079
4006
4095
1695
1113
4080
3463
1892
4342
1114
3408
3258
4821
4502
1393
867
387
4657
713
2442
337
366
3130
660
4986
2746
3788
1773
2878
1253
229
3629
1628
4739
4319
4713
139
2614
1664
4277
2193
4706
2309
317
3161
3185
1687
1299
2300
2702
4158
4541
2016
2215
1446
1739
2872
4945
475
4231
3117
687
75
1413
4184
3255
4944
4527
1652
1231
1442
4224
3968
2632
3655
755
2953
2551
1955
1954
557
2363
3545
846
3268
3441
1088
4582
2914
980
4387
2856
217
4137
3619
265
1167
729
547
3941
1536
3975
3434
4179
1881
401
3575
994
1080
3985
4081
3616
3536
4394
3598
2743
799
4711
4071
1859
1558
689
1459
2799
3119
1614
2738
2538
3489
255
4425
4581
2237
719
3666
2380
1210
2240
341
896
4392
4759
524
324
184
1988
287
605
2155
2677
144
3716
3226
4760
894
2307
1969
1674
1647
2342
1744
1962
4185
3630
1878
4962
1748
611
2111
51
2276
115
848
249
4793
1028
4560
982
745
3586
3159
3483
3108
299
289
801
4799
1850
898
3084
2187
1963
817
4166
3278
2795
2557
0
3307
3759
220
2460
976
1489
2351
1681
134
319
2793
4729
1684
3760
3952
1024
1938
3736
4750
4302
4056
1170
4213
885
696
2683
1291
4557
3164
3780
136
2533
4554
1215
2725
4516
695
2611
2820
2998
3853
4688
279
1634
4635
194
2516
4093
971
3099
2797
1545
3139
1725
1698
1833
1025
1216
4638
1399
4515
1561
91
4323
1264
627
702
2029
2107
2604
2940
1203
3085
3020
1799
4819
508
1889
16
344
3187
2600
2025
3513
12
1738
3192
3653
4920
4837
1306
1149
543
3375
3380
328
3790
4256
3476
3768
4295
4998
2739
3896
1098
554
422
3088
221
3752
515
2133
747
4511
731
525
2389
3761
3808
3921
4114
2332
918
1872
1452
305
1132
2042
1123
3875
2957
2826
4860
877
2390
3591
626
4664
2481
1211
381
2486
952
2958
3611
3936
3118
1672
2254
3331
3930
3449
1875
4494
527
1495
4728
2371
3690
3435
2631
2268
1591
2762
720
2415
640
4009
2369
1320
4872
4983
1112
4996
3029
158
4349
3124
2936
645
1460
4968
2576
446
4037
4226
2706
3248
3702
4785
1192
230
683
1269
484
3276
961
3354
379
984
1543
1849
4123
503
2501
4290
4406
2729
2
2748
2837
301
1580
1538
3332
1373
2388
2910
4355
2070
3635
1219
394
486
1206
1622
649
358
2774
3672
2822
2335
4415
2098
274
3263
2459
2235
1121
261
3567
157
4636
70
4380
2900
743
926
1501
2563
4332
3386
523
4796
4023
4753
4884
2253
2934
143
4731
4271
490
3429
590
1317
1410
2817
2321
1109
3339
673
4305
2159
2283
562
1193
3754
975
4270
355
4297
1960
1202
779
4627
2524
955
1021
2273
113
3396
3793
117
2510
1838
1921
3530
3365
4471
4640
1248
4111
2904
2894
4465
1683
3918
4651
2422
4807
3491
1324
4207
1972
1811
4130
3620
1646
1032
1145
3987
2786
1003
4220
2158
1429
3171
3261
2143
2875
3978
1127
4935
4669
155
4079
641
1922
4064
4242
692
1175
3059
349
3266
333
1548
4237
124
1801
4682
1251
4726
2360
4889
2258
2012
2547
1209
1521
178
4011
1935
2833
4931
1477
594
2233
3880
3423
3058
4523
2866
1928
795
2139
1012
3751
4918
303
1600
732
3507
886
4859
376
1655
3523
2545
441
705
3413
2965
2721
1733
4579
470
633
1427
3562
4772
2431
2782
4817
736
1130
1238
1289
2926
4198
2781
2971
1648
1870
4520
1022
74
1949
3529
4624
3781
1229
1931
4990
998
4939
822
1532
2281
3601
2515
541
2671
1978
3318
3114
1473
2385
4477
4526
149
1163
3438
4139
3224
3032
600
2471
1714
4771
1309
2647
3640
2883
3756
3080
1736
