2500
0
323
110
3
1896
1611
2339
936
300
9
2400
840
12
13
2181
15
16
17
2058
19
20
21
22
23
24
25
26
27
1995
29
1647
1607
32
33
2323
1169
36
37
1749
39
40
1746
42
43
44
45
46
2318
48
49
50
1110
52
53
1418
2393
1262
540
58
1195
1328
61
1217
63
64
1013
2096
67
85
69
1865
71
283
73
74
75
76
477
78
79
80
81
659
792
1301
142
86
2033
88
89
587
91
92
93
94
1634
1231
97
98
1715
100
2101
2477
103
104
105
1263
1076
108
1018
2
1250
1778
113
114
1518
116
117
68
119
1254
121
122
123
1982
375
126
127
128
2141
674
131
132
1305
134
135
136
137
138
1467
140
141
118
143
144
145
146
147
148
1658
150
151
152
1234
1562
155
156
157
1096
2424
537
161
162
163
164
2144
2230
167
168
2178
170
171
2416
609
174
175
176
177
178
1767
1523
181
272
1057
184
185
186
187
188
189
1468
191
192
193
2498
2095
1289
197
198
367
1510
201
202
203
204
205
520
207
208
209
406
211
212
51
214
801
216
217
218
219
1224
221
2293
510
224
1731
226
227
228
229
230
2206
232
233
234
2108
236
237
1022
239
2486
241
242
243
429
311
246
247
248
565
250
251
252
253
254
1465
256
374
2414
259
260
261
262
263
264
265
933
267
268
1137
2010
271
182
273
1564
275
276
277
278
279
280
281
282
72
284
1334
286
287
288
289
1787
769
1677
293
2078
295
1580
297
1547
299
8
301
302
303
304
305
395
307
308
309
310
605
312
313
1977
315
316
317
318
319
320
1375
322
379
766
325
2228
327
328
508
330
1027
332
800
334
335
355
337
1385
339
340
341
342
2212
2173
345
1272
347
348
625
350
351
352
353
1083
986
356
504
2461
124
1605
361
362
363
364
365
1173
199
368
369
973
371
372
1184
257
443
376
377
378
762
380
381
382
383
657
96
386
387
388
389
2050
269
392
393
394
501
396
397
398
399
400
401
1958
403
404
405
1871
407
408
409
410
2303
1511
1708
414
415
416
1276
1536
419
420
654
422
1535
424
425
426
31
428
1687
430
431
432
433
434
1951
436
437
438
1992
440
866
442
249
444
445
826
447
534
1501
1454
240
452
989
1402
455
1900
457
2396
1527
460
461
2300
1222
810
465
466
467
468
469
470
471
472
2281
474
475
476
77
478
794
480
1694
608
483
484
485
486
1104
488
2314
1474
321
492
493
2257
495
1906
847
2223
499
500
306
2083
503
357
505
506
1907
1439
509
223
1338
1478
2427
1551
515
516
517
518
519
888
521
701
523
524
645
526
527
528
529
530
531
532
533
1211
535
536
2055
1927
539
1793
541
542
543
1297
1876
546
907
548
549
550
2129
2249
2177
554
555
1261
824
558
971
2159
561
1471
2222
2470
1494
566
679
568
569
1103
2209
572
573
1517
1531
54
604
578
579
580
581
582
583
584
585
586
90
588
1164
2005
591
930
593
636
595
1310
597
598
2326
2190
601
602
603
577
2109
606
102
482
2367
2149
611
612
613
614
1132
2252
617
904
619
620
621
622
623
624
349
626
627
628
629
489
2492
632
633
697
154
2099
1193
638
639
640
641
1258
643
1087
525
646
647
648
649
173
2354
652
1342
1521
655
1798
384
2152
82
660
661
662
663
664
665
666
667
1925
669
763
671
782
329
2086
675
1416
677
678
567
680
2076
682
2302
1236
1273
686
2430
2106
1524
690
1212
225
693
694
695
696
634
698
699
700
522
702
703
704
705
511
707
708
709
710
1783
712
713
1761
715
716
717
718
1214
720
721
722
723
724
725
1514
727
1934
1852
730
731
732
733
734
735
736
1056
738
739
411
741
742
1038
767
745
746
166
748
749
2334
751
752
753
2187
755
756
1665
758
759
760
761
1
165
764
765
324
744
768
291
2256
771
1215
773
774
956
776
777
778
779
780
1569
672
1051
784
785
786
2088
788
179
790
2191
83
793
1129
1312
796
1318
798
481
333
215
1124
803
804
2489
195
1836
808
809
464
811
1279
813
2447
815
816
1667
2098
819
820
821
822
823
557
2104
1587
827
828
1487
830
1788
832
833
834
835
836
837
838
839
11
841
842
2037
844
845
846
2105
848
849
5
851
1152
853
2157
855
856
814
858
859
860
861
862
863
864
865
441
867
868
869
870
2229
872
873
2366
1570
1291
877
878
879
880
881
882
883
884
885
886
887
1131
726
890
2135
892
2018
894
895
896
897
898
899
900
366
902
903
618
66
906
547
908
909
857
911
912
913
2388
1403
916
1623
918
919
920
1903
922
923
924
925
728
927
928
929
502
931
932
266
1269
2361
1061
937
1809
1916
656
1773
2023
231
944
683
946
1516
948
949
1191
951
952
953
954
1353
2074
957
958
959
960
1530
962
1545
964
965
966
967
968
969
970
559
972
370
1068
975
976
1322
978
750
980
981
982
983
984
985
336
987
988
453
990
991
992
831
994
995
996
997
998
10
1000
2202
1002
1003
1004
1005
1006
1007
200
1009
1010
1502
1012
65
1166
1015
1016
1017
109
1019
1577
1021
238
1023
1777
1924
1026
1366
1028
1029
1030
1031
1032
1033
1034
850
1036
1352
743
1039
1040
740
1042
1043
1044
2448
1046
1572
1048
1542
1050
783
1321
1053
1054
1055
737
183
1813
1561
1060
1716
2452
1206
1408
1065
1066
1067
974
1069
1070
1071
2179
115
1074
1789
2251
1077
1078
1079
947
1851
1082
354
1084
1085
169
644
1088
1089
1090
1091
1092
1093
1094
2258
158
1097
1098
1099
1419
2008
1102
570
487
1105
1106
1107
1840
1109
2080
2004
448
1113
1509
1115
2397
1117
1118
1119
1120
1121
1122
1123
1785
1125
1126
1127
390
84
1130
1980
615
1133
2216
1911
1136
391
1138
1139
1140
1141
1142
2131
1144
1336
1146
1147
244
1149
2145
1151
1804
1153
2411
1155
2250
1157
1158
494
1978
1431
1162
1163
589
1165
1452
1351
1168
35
2421
1171
1489
1661
1174
1175
1176
1177
1974
1179
1180
1644
1182
1470
373
1185
1186
1187
1188
1189
2073
950
1192
843
1194
59
1196
1197
1198
1199
1200
1201
1202
2090
1204
1205
456
1207
1208
2382
1210
1112
691
1213
2286
772
1613
2265
1218
1219
1440
2308
463
1223
220
1225
1226
1227
1228
1229
1230
385
2114
28
153
1235
1952
1237
2468
2026
1304
564
1242
1243
1453
1245
2278
1247
1248
2352
30
206
1252
1253
120
1255
1256
1668
642
681
1260
2449
2444
1387
1264
1589
1266
1267
1598
934
1270
921
346
1080
1627
1275
417
1277
1929
812
1280
1281
1282
1755
1284
1285
1286
1946
668
196
1290
875
1292
1293
1898
1295
1296
544
1485
1299
1300
1878
2186
1303
1240
133
1306
1307
871
1309
596
1311
795
1313
1314
1315
1316
1317
797
1319
1357
1052
1384
1688
1324
1325
1326
719
60
2464
2070
1331
1332
1333
112
1335
1145
1337
979
1339
1340
1341
653
1343
1344
1345
1643
1347
1348
1839
1529
1167
1434
1134
599
1355
1356
1747
1358
1359
1360
1361
1567
1363
1364
1365
331
1367
1368
2034
1160
1371
1372
1373
1519
1327
1376
1792
1378
1379
1380
1381
1711
1383
977
338
1386
106
222
1389
1390
1391
1392
1393
1394
1395
1396
1397
1398
1399
1400
1401
454
915
1404
1405
1406
2232
1064
1409
1410
1411
1412
1413
1414
1251
676
1417
479
1100
1420
1421
2247
2210
1424
1425
1426
2163
1428
1429
1430
1161
1432
1433
1037
1435
1436
1437
1438
2020
360
1441
1442
1443
1444
1445
1446
1447
1448
1799
1450
1639
1014
1244
450
1455
1456
1753
1744
2172
1460
1650
1221
1463
1464
255
1466
139
190
1469
1183
1908
1472
1473
490
1475
1476
1477
512
1506
1480
1481
1884
1483
1484
1298
1486
829
1488
1172
1490
1491
1492
1736
125
1495
2402
1497
1059
1499
1500
449
1011
1503
2365
1505
1479
1507
943
1114
1640
412
1701
1513
889
1515
1820
574
1073
2153
1520
421
1522
180
689
1525
1526
459
1528
1350
961
575
1532
1533
1534
245
418
1537
1538
1539
1540
1541
1493
1543
1544
688
1546
298
1548
1549
1550
514
1552
1553
1554
1555
1556
1557
1919
1559
1560
1498
1459
270
274
2068
1566
101
1568
781
2384
1571
1047
1573
1972
1827
1576
1020
1660
1579
296
1581
1582
1583
1584
1585
1586
446
1588
1632
1590
1853
1592
1593
1594
1595
498
1597
2184
1599
1600
1601
1602
1603
1604
1220
1606
427
1608
1609
1610
1035
1618
1216
1614
1615
1616
1617
435
1619
1620
1621
1622
917
2268
1625
1626
1274
2148
1629
1630
1631
1265
1633
95
1346
1636
1637
1638
1451
2332
1641
1642
1635
1181
1645
1646
2015
747
1649
1461
1072
1652
1653
1654
1655
1374
1657
149
1659
2457
1673
1662
1663
1664
757
1666
817
2328
1669
1670
2128
1672
901
1686
1675
1676
292
1678
1679
1680
1681
1682
2120
1848
1685
1674
658
2301
1689
1690
1691
1692
1693
451
1695
1696
1697
2000
2115
1700
1512
1702
1703
1704
1705
1706
1707
2445
1870
1710
1382
1712
2067
1938
99
7
1717
1718
1719
1866
1721
1722
1723
1724
1725
935
1727
1728
1729
1730
692
2207
1733
1734
2330
1062
1737
1738
1739
1740
1741
1742
1743
1458
1745
41
1320
1748
38
2372
1751
1752
1457
1754
1283
1756
1757
1758
1759
1760
714
1762
1763
1764
1765
1766
789
1953
1769
1770
1771
1772
1504
1774
1775
1776
1024
285
1779
1780
1781
1782
711
1784
802
1786
290
993
1075
1790
1791
1377
57
1794
1795
1796
1797
910
1449
1800
1801
1802
1699
343
1869
1806
1807
1808
2358
1810
1811
1812
1058
1596
1815
2084
1817
1818
1821
685
1819
1822
1823
1824
1825
1826
1575
1828
1829
1830
1831
1832
754
1834
1246
926
2066
1838
1349
1108
1841
1842
1843
1844
1845
2324
1847
1684
1849
1850
130
729
1591
2423
1855
1856
1857
1858
1935
1860
1861
1862
1863
799
70
1720
1867
1868
1805
1709
210
1872
1873
1975
650
545
1917
2483
1879
1880
1881
1882
1945
1482
1885
1886
1887
1888
1889
1890
1891
1892
1893
1894
1895
2146
1897
1294
1899
1063
1901
1902
1271
1904
2154
496
507
2019
1909
1910
1135
1912
2327
1914
1915
939
359
1835
1558
1920
1921
1922
2124
1025
344
1926
538
1928
1278
1930
1931
1932
1933
807
1859
1936
1937
1714
1939
1940
1941
1942
1943
1944
1883
1287
1947
1948
1949
1950
2406
684
1768
1954
1955
1956
1957
402
1959
1960
1961
2062
1963
1964
1965
1966
1101
630
1969
1970
1971
852
1973
1178
1874
1976
314
1370
1979
1415
1981
1877
1983
1990
1985
2150
1987
1988
1989
1984
1991
439
1993
1994
2103
1996
1997
1998
1999
1698
2001
2002
2003
1111
590
2006
2007
1875
2009
1150
2011
2012
2013
2014
111
2016
2373
893
562
2036
2021
2022
942
2024
2025
1239
2027
2028
2029
2283
2031
2032
571
1369
2035
673
637
2038
326
2040
2041
2042
2043
2044
2045
2167
2047
2048
2049
1128
2051
2052
2053
2054
160
2056
2057
18
2059
2060
2061
1962
2063
2064
2065
1837
1713
1049
2069
1330
2071
2072
1190
775
551
1259
2077
294
2079
497
2081
2082
592
1816
2085
1081
2087
787
2089
1203
2091
2092
2196
2094
806
905
2097
818
594
2100
1362
2102
2215
825
213
963
2107
235
423
2110
2111
2112
2113
1232
1803
2116
2117
2118
2119
1683
2121
2122
1241
1923
2125
2126
2127
1671
2030
2130
1143
2093
2133
2134
891
2136
2137
2138
2139
2140
129
2142
2143
670
1624
2039
2147
1628
610
1986
2151
1268
1656
1905
2155
2156
854
2158
560
2160
2161
2162
1427
2164
2165
2166
1563
2168
2169
2170
107
635
2438
2174
2175
2176
553
1854
2271
2180
14
2182
2183
1148
2185
1302
1833
2188
2189
2426
791
2192
2193
2194
2409
2132
2320
2198
2199
2200
2201
1001
2203
2204
2205
1508
1732
2208
87
1423
2211
1574
2213
2214
1233
955
2217
2218
2269
2220
2221
563
1814
2224
2225
2226
2227
4
1308
2242
2231
1407
2233
2234
2235
2236
2237
2238
2239
2240
2241
1648
2243
2244
2245
2246
1422
2349
552
1156
2478
2463
2253
2254
2255
770
1159
1095
2259
2260
2442
2262
2263
2264
62
2266
2267
2046
2219
2270
1651
2272
2273
2274
2275
2276
2277
1918
2279
2280
473
2282
1116
2284
2285
491
2287
2288
2289
2290
2291
2292
1388
2294
2295
2296
2297
2298
2299
462
1323
945
1041
2304
2305
2306
2307
1462
2309
2310
2311
2312
2313
1968
2315
2316
2317
47
2319
2197
2321
2322
34
1846
2325
1354
1913
1257
2329
1735
2484
1008
2333
706
2335
2336
2337
2338
6
2340
2341
2342
2343
2344
2345
2346
2347
2348
2248
2350
2351
1249
2353
651
2355
2356
2357
938
2359
2360
1726
2362
2363
2364
941
874
1967
2368
2369
2370
2371
1750
2017
2374
2375
2376
2377
2378
2379
2380
2493
1209
2383
876
2385
2386
2387
914
2389
2390
2391
940
55
2394
2395
458
2075
2398
2399
999
2401
1496
2403
2415
2405
1612
1578
2408
2195
2410
1154
2412
2413
258
2404
172
2417
2418
2419
2420
1170
2422
1086
159
2425
600
513
2428
2429
687
2431
2432
1864
2434
2435
2436
2437
1288
2439
2440
2441
2261
2443
56
413
2446
2407
1045
556
2450
2451
1565
2453
2454
2455
2456
2392
2458
2459
2460
358
2462
616
1329
2465
2466
2467
1238
2469
2123
2471
2472
2473
2474
2475
2476
607
2171
2479
2480
2481
2482
576
2331
2485
2433
2487
2488
2490
805
2491
631
2381
2494
2495
2496
2497
194
2499
