5000
0
1546
352
3
1902
5
1622
54
3702
1900
10
4005
3283
2104
2126
15
2965
17
4264
3999
379
21
22
23
1862
57
3007
27
2778
2063
554
31
412
3697
798
35
36
1037
38
3386
40
1445
2989
43
44
3872
46
4383
1508
49
2475
1935
28
3422
7
55
81
25
1047
59
477
61
62
1077
3522
1892
66
67
68
3413
1069
4328
4831
4709
74
75
4536
3428
14
2453
1228
3810
3525
1419
4331
4311
3596
4027
2974
2937
256
2624
2121
93
94
95
1944
3095
4098
99
4498
101
102
103
1753
105
3289
107
108
1467
475
2979
112
962
4086
115
2727
3181
118
2908
280
2660
1168
2884
124
50
487
584
471
129
3027
1928
132
2406
1675
1847
1021
137
2444
2820
140
421
142
143
2915
3358
2231
730
1194
4638
750
151
152
3486
2232
1726
18
1576
902
399
1029
117
162
163
164
2446
711
1364
168
169
2583
171
2178
4854
2071
3445
176
2617
4611
3051
180
2031
1462
3398
1520
185
1291
113
1027
4508
1121
191
192
193
194
195
1366
2287
321
199
2211
519
1465
1470
3671
980
1428
4760
208
209
3910
3724
212
213
214
215
1212
217
4667
3040
220
4510
3854
2869
224
3922
226
2364
228
4514
2601
4261
4193
233
3870
797
236
237
4787
4477
240
241
242
2181
2736
245
3760
4905
1810
4401
250
2943
252
253
254
4456
90
2690
4307
259
3665
2796
4243
263
264
1717
2650
1793
268
1829
270
1484
1317
2609
723
275
276
2733
566
279
3859
4413
2809
3111
4444
285
4989
287
4010
2285
290
4291
292
2032
1659
295
2410
1164
3719
842
300
301
2401
303
3845
4059
4493
671
2673
900
4883
2751
3761
313
314
315
316
317
465
3105
320
198
2614
1278
2885
3804
4858
327
328
1690
1903
331
332
2507
334
335
336
4926
4655
339
4224
4786
1540
3404
344
4012
602
3838
348
2470
1070
308
2
353
2459
355
4092
2968
1017
3108
360
1972
564
2721
364
4860
1116
367
4886
1365
370
371
372
373
374
1625
3868
377
4964
2902
380
2794
3861
383
2024
3087
3619
387
681
389
390
2335
4131
2786
4818
395
396
3815
398
4777
400
401
4676
2735
4040
189
406
1799
1821
1754
410
411
1990
413
4089
3469
823
1160
418
893
3368
4980
1571
878
2672
425
4061
3339
4122
429
430
3503
3018
3718
2879
2273
3285
769
438
439
1643
278
3251
3530
444
445
446
447
448
449
450
451
452
3714
454
455
1476
2540
2484
459
2542
2081
2611
463
2381
1745
2684
467
468
4991
1883
2683
3392
2907
474
110
476
3816
799
479
3728
3294
482
2948
4306
4262
486
1803
488
4071
490
2038
4391
2425
1863
495
2917
2152
1131
4597
500
501
502
503
504
505
506
507
1499
2072
4143
3346
1439
513
514
515
2236
291
518
1268
520
521
522
1446
2191
4207
914
527
255
529
483
3618
4461
533
4587
2746
4227
547
2058
3691
540
4966
2125
543
4310
1368
546
2520
2089
549
3553
551
552
2764
4853
2596
556
405
4833
779
2990
561
4055
1639
2358
565
2545
567
4879
1532
3003
3676
2083
39
574
1491
694
2823
4466
579
1449
581
582
971
1186
585
3725
4
3881
3711
590
2395
2698
593
3659
595
596
597
58
4589
600
3540
3290
2510
604
605
4277
607
2570
2166
610
3620
4033
4305
614
4337
630
617
1958
2408
2488
621
1386
3610
1208
3052
1599
627
628
1856
2242
631
2873
3681
4025
635
636
637
716
639
11
641
642
3499
644
645
646
385
2630
649
3057
651
2732
653
85
1109
656
2139
2693
388
1423
3966
662
3670
4091
720
666
667
668
669
647
1381
1003
2706
674
675
2478
3493
3426
1948
2447
785
682
1922
684
685
686
2099
688
689
690
4590
2112
1921
4234
695
4323
697
698
4110
4064
2526
3258
703
704
3790
838
707
3088
826
4213
4297
616
1245
714
944
1064
717
718
293
665
721
722
2855
724
725
676
727
728
729
30
4564
732
4565
2109
3710
736
3124
4965
2586
740
741
742
743
1533
4682
4469
747
748
1456
3123
2875
752
753
3410
1488
1459
1041
3067
2253
760
4675
248
763
764
2482
4606
4733
768
3246
3745
3583
772
4997
774
775
776
3945
3437
559
1535
4357
2533
783
4972
659
2895
787
345
4774
3227
2837
792
793
794
795
1713
73
3207
478
800
1453
802
1668
3506
2277
3660
807
3009
403
3247
811
812
813
1836
2604
2047
3106
818
1235
820
131
822
2006
824
273
3221
827
2205
111
3563
831
1255
4807
834
1794
836
120
1293
719
840
1583
363
4924
2046
1653
846
2016
2555
3827
850
851
4392
4604
854
4572
3442
97
858
2603
860
861
862
3956
1792
1822
2022
1018
2220
869
870
871
2458
1509
1315
2703
998
877
4093
2623
789
881
4740
883
884
1304
2515
887
888
4867
3764
891
892
1273
894
462
3561
897
3118
899
4275
901
158
3434
1201
4473
1567
907
908
4876
910
4945
4030
4441
3064
340
916
2122
2036
2901
2995
1748
3058
1469
4637
1791
926
927
3195
1267
2530
2088
3707
933
3801
531
4917
2775
4051
1093
940
4200
4129
1539
715
4562
946
26
948
949
1242
951
1859
4377
3674
955
2293
957
1894
2967
2618
2508
4578
3752
964
329
4819
967
1487
3591
3699
583
972
2863
974
1120
4100
4916
978
979
3325
2644
1910
983
984
3465
4240
3694
956
989
3026
4901
992
3949
852
849
2737
1907
876
1371
1000
1001
1002
2067
1004
1005
1006
2942
575
1795
1010
1011
1012
4165
1014
349
4248
1075
2390
1542
3648
2233
3235
3069
1024
1025
1026
188
4281
1881
541
1031
1032
2196
2664
3552
1914
2473
4568
3985
183
4717
1594
4855
3233
1045
3693
2001
1195
3014
3564
4794
1052
2223
819
3713
1056
1955
558
1059
1060
3084
325
2674
60
1043
3028
1067
2168
3130
4136
3430
3759
4298
3611
4656
1581
3249
4978
1079
3280
947
3107
2844
1084
1085
1086
873
1132
4516
4881
4484
3973
1711
1094
791
3075
4837
1098
1099
4942
1101
1102
1063
1104
4034
1106
3342
1108
2876
1110
3976
2543
2521
670
3850
366
2306
1118
1119
1939
1627
343
1123
4474
1125
1126
1127
1128
1129
1130
498
1603
197
4164
4938
1136
1137
2371
1450
4315
1141
2146
4882
2851
1013
45
2185
1148
1105
1038
1151
1152
1153
3146
1155
1734
4570
1158
258
848
1161
920
1022
2180
2471
3579
3656
1739
898
921
3808
4979
1173
3399
4320
857
4529
545
1179
4338
3238
1548
4021
1683
1185
3419
1187
3888
771
4888
1191
1277
2675
1430
4553
1805
4519
1198
1199
1200
4537
1202
2290
4539
3770
1206
1207
3243
4376
1210
1211
4806
1213
1214
1215
1154
1310
1218
274
1220
3598
1222
2175
1224
1225
1226
3161
80
3217
1066
1231
1232
1233
1234
648
3216
1237
86
2375
4366
1074
950
1652
1244
713
1015
2454
1248
1249
809
3807
1252
1253
4330
2646
1256
3849
1258
136
3103
42
2773
2258
4077
1265
1988
929
2504
1269
1270
1271
2369
4470
3074
4538
1089
4344
323
1279
1714
1281
1282
745
4998
1285
2174
1287
1288
1289
1068
3628
4848
4276
1728
1295
1543
4417
2870
1166
1965
1301
1302
1303
2554
2283
1306
260
1845
4718
1316
2932
1312
3894
1314
83
1217
1342
4126
1319
1320
1321
4436
3048
2305
2567
1326
1964
1328
1329
3321
1786
1633
1333
1254
2745
4776
1337
4773
4534
1340
568
3471
2000
557
1345
1346
1347
1348
1349
3877
2813
1352
2190
2251
1355
1356
394
2033
4149
2445
3159
2170
4438
4820
4455
784
4801
4885
1369
4176
765
3896
1373
3006
1375
1376
1474
3614
1379
1380
4910
3573
1383
1825
3885
3634
3416
1388
3717
2600
1391
1392
1393
1946
3731
3177
1184
1953
1399
1138
1837
4814
1403
3751
3055
1406
2426
2430
1409
190
1411
272
1413
2074
3723
1416
1417
1418
874
1420
4389
1422
2919
2123
1621
1426
2616
3874
440
266
1656
3389
1893
1434
3743
1436
1437
2418
512
4585
3774
1442
2322
3224
4743
1124
1942
3575
966
2739
1451
1452
801
1496
1100
4016
1457
2767
706
2867
1784
182
1463
1464
202
1205
3039
4295
923
203
207
3747
3308
1377
2193
3589
1579
4671
4710
3930
4999
1482
1483
1562
1485
1606
759
1283
3310
1764
2333
1492
3738
1494
1840
1454
1188
1743
508
4541
4984
1502
1503
1504
1505
1506
1507
2669
1776
652
1511
2179
4947
1878
1515
1516
3994
3755
4006
184
1521
1522
1523
1524
1657
1526
1527
3853
885
1196
1531
1746
1850
1534
2442
2740
1537
1538
4953
4225
484
3265
1389
1544
1545
3171
1547
150
4046
1219
3004
3615
4845
1486
1555
3016
895
1080
4870
1560
4322
2756
1563
1770
1565
1566
906
1568
4120
1570
426
1572
4333
1354
1575
1715
1577
2998
976
1580
1250
1582
841
1584
1585
3214
3734
620
4163
149
1591
1592
1593
4913
4035
3365
138
2691
4159
1600
4083
2362
3897
77
262
1554
2045
4975
1609
2404
1611
3341
4625
1040
417
1616
1617
3184
92
1620
1425
2370
1623
1655
530
2897
1551
1628
2694
227
4981
2608
1332
2766
4798
1636
1637
2091
2070
755
4730
3569
4394
2221
4912
1646
1647
1272
376
2524
1651
491
845
1654
3771
3567
1090
1658
3420
1660
4476
1662
1853
357
1665
3624
1667
1384
1669
1670
322
3658
1673
1674
134
1676
2203
4525
3479
2815
1103
1986
1722
437
1685
1686
1229
1688
1689
816
1691
1692
1693
3822
1695
1113
1630
1698
1699
1700
4053
1702
172
1704
427
116
2615
1708
3044
1710
2498
4896
796
3936
683
615
4453
1718
1596
1650
1721
1139
1885
1724
3144
1830
3252
3319
4644
1730
1731
2262
1733
2569
1735
1736
1737
1738
122
1740
837
4296
2854
4911
825
4685
1747
1170
1749
1750
2029
2927
3585
1176
3367
1756
4339
1758
3835
231
1761
1762
1083
119
1765
4703
1767
4134
4241
1247
2830
1772
2783
1774
1775
4267
2359
1778
1779
1780
1781
2474
1783
3742
1785
1331
1787
1788
4415
1790
3223
864
267
3104
3304
1796
3907
3263
407
1800
1801
4994
3599
3347
2176
1806
1807
3079
3643
359
1811
4815
1813
1814
1815
969
1817
1709
1819
4184
1341
3431
1823
4618
1880
1826
1325
4078
1408
265
1831
1832
3260
4345
1835
814
3323
654
2945
1959
1841
1335
1843
1844
3023
1846
1424
1848
1849
744
1851
3802
2466
2012
91
1818
1857
1858
952
2230
3536
4765
912
3641
1865
1876
3884
1868
1869
1870
1871
1872
3206
3825
1875
2765
1877
3495
497
2881
160
1882
470
1884
4899
4641
2572
2814
1889
3314
1891
935
1701
1481
1895
1896
2423
4028
4057
2265
839
1996
4971
1904
1905
1906
997
1908
1909
4549
3232
4890
1913
1036
4927
2605
1917
1918
1919
1920
693
2476
1923
1924
1925
3746
1927
821
4688
934
3210
3135
3955
995
51
1936
3453
2194
975
1940
1941
1447
2153
96
2334
1679
2011
4162
1949
1275
1951
4738
1398
246
1057
2704
3953
1556
1558
3066
4079
1962
2344
4657
1300
1966
368
1968
1969
3768
1971
283
1396
1008
1975
1976
1977
3818
1311
1980
960
1982
1672
1984
1985
2534
1987
4956
3385
2096
1991
1992
64
2019
4507
587
2946
1998
1999
2715
598
2002
2496
4736
2005
416
2007
4821
4190
3981
1681
4348
347
2014
2015
847
2017
2018
4974
2020
2021
866
2023
3744
2341
1410
2577
2028
1751
3231
181
3080
3826
2034
2035
918
2037
2776
2039
2040
2041
2042
2043
2439
3395
2842
3655
2048
578
2398
2051
2052
2210
2054
2770
2926
2057
538
2059
2060
4095
2062
4805
2064
2651
4398
672
386
2069
2894
174
509
2073
1414
2102
3269
3595
633
1142
2080
1055
2497
757
3212
4022
1864
2087
3621
3678
1997
3939
2700
2093
705
830
2957
2076
2098
3762
2100
3411
4615
2103
2850
4278
2106
2107
2934
734
1530
2111
2157
2113
3270
1297
4614
2117
3603
638
29
431
4923
2480
4369
542
4961
2127
4694
4746
4535
2131
2132
2133
1390
2135
2136
2137
4852
4811
2140
2141
2142
2143
2438
733
532
2147
2148
309
2150
1431
1879
218
2154
2155
4433
3965
2158
2159
4868
2161
2162
2163
3863
2165
4024
2167
3820
2169
161
3059
3497
1290
3468
1223
2110
2177
4500
2055
297
2578
2182
2183
3013
657
2186
1050
1190
1766
1353
2792
3556
1901
1938
2993
942
3663
2198
4755
3010
2201
2202
3925
2204
4280
2206
3190
1874
3137
4875
2950
2212
2213
4435
2215
2696
3637
4512
2219
2144
167
2222
2384
2224
2225
2226
2227
2228
1824
1860
3295
3542
4704
2234
2235
516
2237
3780
2239
2240
2241
251
2243
2714
2245
52
2247
2248
2013
53
1574
2252
1
1274
1429
2256
2257
1263
3312
2260
2261
1732
2214
2264
2785
1051
2267
2268
3306
890
4934
2272
4745
2274
4943
281
805
443
2279
2280
2281
2282
1305
4838
243
2286
2571
2288
2289
1203
2291
3709
2325
2294
2151
2296
2297
2298
4650
1742
2301
3205
2465
2304
2888
1117
2307
3305
911
2310
2311
2312
1771
2314
2315
4569
2317
2399
2319
2320
2321
3440
2323
2324
988
3301
2327
4178
2329
4471
4789
2332
2890
1945
391
2336
2892
2338
2339
2896
1062
2342
2343
4359
3119
2346
2347
2348
2349
2350
4770
3608
2607
758
4557
4411
2469
362
2531
624
2361
235
2363
1697
196
2366
436
2645
2711
4968
2004
3498
2373
2374
1239
2376
2377
2378
2379
2380
4648
4464
2383
1053
2385
3915
2387
2388
3769
867
2391
2392
3988
2394
3632
1974
2397
2050
2357
232
2671
2402
2403
1610
4396
2208
563
304
2409
296
1937
2412
1072
2414
2415
2416
2417
3363
889
3794
2457
2372
4680
2424
1777
1993
4918
2428
2429
699
2128
2620
2433
2552
2435
2436
3527
548
2772
2440
4378
2086
3788
1597
2481
3979
1933
4548
2449
2450
1183
2452
79
3837
4052
1344
20
307
3021
2460
2938
2462
1009
4699
71
2337
2467
2930
1512
3508
1165
311
2259
1782
125
3878
2477
4354
3199
434
1360
3186
1122
3276
3038
4226
2487
1588
2489
2996
4834
2492
2493
2494
1048
2003
4893
2597
1994
3781
2118
2502
2503
1016
2505
3924
4609
1773
2509
4823
2511
2667
4137
2514
3297
2516
2632
2518
2138
1216
3406
2522
1589
1720
2525
1405
3255
2528
2529
3047
1334
2173
288
1682
4123
4866
2537
2538
2539
2768
4677
460
480
2544
4009
4186
2547
3307
925
726
2551
2806
2553
4399
1615
2556
2557
351
2559
2560
397
2562
2563
1760
2500
2566
3433
2568
3278
4097
4067
1887
2573
2574
2506
2787
2027
3173
2579
1744
4019
2582
170
257
2916
4654
2587
4542
4505
2590
2591
4634
1209
2594
2595
555
2095
3336
2599
2134
4563
2602
3352
3228
4356
2606
2353
4221
318
2610
1557
1145
2613
4210
1707
3065
4865
3093
1097
3576
2621
2622
879
1096
2625
2626
2627
2628
4000
1246
4294
2517
2633
2634
2635
626
2637
2779
4871
2640
3348
2642
2643
1073
4219
832
3607
2648
2649
2309
2065
2652
2653
2654
4199
4607
2657
2658
1696
1712
2661
2841
2663
1034
4598
4421
2512
2668
48
4988
34
1550
1400
494
1995
2676
2677
1586
56
1181
424
2682
4754
4265
3219
2686
2687
4032
2689
2584
3382
3218
461
1629
2695
3921
2697
3566
2699
1088
3847
1044
3053
1956
2705
673
4446
2708
1934
2710
1475
2712
2713
3460
1769
4620
2717
2718
4313
2720
442
2722
4902
4400
3163
3236
2115
2728
2729
2432
2731
1687
277
1605
4588
1741
1854
2738
580
1587
2741
2742
3331
2744
1842
3202
2747
2748
2749
2750
69
2752
2753
2754
2755
3651
2757
3370
2759
2760
2761
2762
2763
4049
1866
4352
1477
4577
2769
2318
2771
3799
1755
3451
937
3519
2777
222
2638
4501
2781
3201
961
2784
993
4729
1402
4450
2789
4314
464
4626
2793
1706
2795
4497
2797
2061
1500
3256
1466
2802
4605
2804
4595
4586
2807
2808
282
2810
1564
2812
1351
1888
2250
2836
2868
2818
2819
139
2821
4764
4623
3272
3954
1943
2827
3403
2829
4437
2010
4649
2833
904
3521
3318
1095
2838
1559
2840
3572
844
2843
1763
2845
2846
2847
4283
2849
2082
1144
2852
2853
4727
973
3983
4414
4017
1087
2860
2861
1619
939
2864
1363
2866
4846
2254
4302
1298
3654
2872
3011
2874
3179
655
2877
922
1663
2263
994
2882
3806
123
324
2886
4480
3185
2889
2451
2891
3898
3666
3848
1607
3081
2276
2585
2491
2900
919
2421
3682
2904
2905
2906
473
2878
87
2910
2911
2912
2913
4145
1838
419
2734
3115
1495
2920
2921
2922
4168
4944
2925
2056
1752
2928
2929
4958
2931
84
2933
1292
2935
2936
89
2461
2939
2940
4253
4672
4835
2944
1839
1954
2947
1171
4824
2580
2951
2952
2953
749
2955
2956
3257
663
2959
2960
2961
2962
2963
2964
3748
3102
3337
1664
2969
2970
3467
2972
2973
88
2975
3459
2977
2978
3978
2980
4713
2982
2983
2984
2985
2986
4360
2988
1261
2044
2991
2992
2195
2994
1608
2548
3438
1578
1501
4705
3001
3002
570
3587
3005
2898
1081
1727
865
238
2269
3012
806
611
3015
4170
3017
4096
3019
3020
4584
3022
4849
1054
3025
2077
130
1230
4841
3030
2848
3032
3033
4194
3035
3036
3037
2485
4647
3600
3041
3042
3043
629
3045
3046
4018
3362
4690
4270
4708
625
875
3472
592
3056
3291
2284
3843
3060
3061
4878
3063
968
1427
4555
4616
3068
1023
3070
4645
3072
936
1238
1632
3076
3077
223
4047
1140
3458
3510
3083
9
3783
3086
526
4242
2209
4496
3091
4013
1440
3094
1638
4069
3097
4847
3099
2791
3101
4235
1716
835
599
4387
3963
3096
3109
3110
2780
3112
576
4457
3918
3116
2455
1169
2345
4749
1820
3122
306
4463
3125
2828
2441
3128
205
3127
3131
3132
3133
3463
1552
3136
4204
435
3139
1834
381
3142
3143
1725
3145
4488
3147
3148
3149
3150
2709
3152
3153
3154
3155
3156
4830
3158
1361
3160
603
1529
2725
3164
3165
3166
3167
3168
3590
1595
4002
4412
4023
3174
3175
3176
456
1828
4146
3686
1362
4803
3975
1618
1989
999
560
3188
3189
3549
4259
3192
1573
3085
928
3196
229
3198
4987
3200
2782
4191
632
3204
1115
1350
302
4060
4037
680
3211
2084
3213
2678
3215
1236
1510
2692
2662
2078
880
3222
3792
4862
3225
4859
790
3518
1983
661
2030
1911
2702
4088
3951
3193
4826
2903
3239
3240
4925
3242
393
3605
810
4395
3024
3248
63
3250
358
3100
3253
3254
4326
3855
32
702
3259
1833
1182
2593
1798
3264
3640
4895
3267
3268
1960
2114
3271
2824
3273
3274
3275
4223
70
1156
3393
660
2328
3282
3448
3284
2367
3286
3287
3288
106
1649
3741
3292
3293
4791
3623
3296
4299
3298
3299
3300
2326
4340
608
3964
2308
3203
2368
1473
3309
1489
4105
330
3313
3390
3315
1339
3317
2513
1294
3320
1541
3322
1401
3324
3129
3326
770
3328
3329
3330
2743
3332
1518
4371
4196
2598
959
3338
2688
4166
4856
4517
3343
2413
3345
511
1804
2641
1648
3350
2456
2124
3353
985
3355
157
3357
145
3359
3784
3361
1323
1438
2619
1307
3366
1243
420
4613
3197
1318
3372
3373
1624
3375
3376
147
591
4432
3380
3381
1598
3383
3384
4610
573
3387
3388
2887
1042
924
945
3279
3394
786
3396
3397
1614
1174
3400
2592
2420
731
2893
3405
481
3407
3425
3409
3378
856
3412
2472
4073
4864
1493
3417
3864
2575
2437
3421
3157
3423
3424
2941
3776
4068
1604
1058
1071
2805
3432
1827
903
3435
3436
4362
206
3439
1513
3441
4447
3443
3444
175
3446
2313
12
2835
3450
4758
3452
2411
3454
3455
4842
3457
4670
2976
2244
3461
3462
1327
3464
4621
3466
2883
1286
415
3470
762
3054
3473
3474
2822
3476
3477
3478
2790
1149
3481
3482
517
3484
4304
153
3487
3488
3489
3490
3512
3492
4658
3354
4832
3496
4141
523
643
3500
4540
3502
2862
3504
3505
804
3507
3349
3509
3082
3511
3857
3513
1030
3515
4154
3712
815
4367
3520
33
700
3523
3524
1634
4527
2811
3528
3529
2278
3531
3532
3533
3534
3535
1861
1163
3538
1114
601
3541
3311
3543
3544
3688
3546
3547
3548
3957
3550
3551
3514
458
4045
3555
2192
3557
3558
3559
3560
2300
606
2681
3765
3565
4042
553
384
1642
868
2550
2685
298
3574
1448
402
3577
1358
1299
3580
3581
3582
4608
3584
1197
3586
408
3588
1973
3169
1385
3592
2924
3594
2275
3187
3597
550
4524
3706
3601
3947
2501
4904
3244
3606
2647
4528
3609
623
544
4573
3613
1378
1932
3616
3617
4316
4202
4451
767
3622
146
751
2340
3626
4673
186
2839
3630
3631
1404
2352
4393
3635
4884
4216
3638
3639
2612
678
3642
1809
3644
4329
3646
3647
4479
3649
3650
166
2549
3653
2871
4195
1167
3657
1461
4763
2184
3661
3696
2197
3664
2092
2483
3667
3668
3669
2958
3501
1684
3673
954
3675
571
1703
326
3679
3680
572
2680
3683
3684
3823
4880
3687
3090
3689
3690
953
3692
1046
987
3695
3899
3449
3698
244
3700
3701
4266
3703
3704
3705
1525
932
3708
640
735
589
3517
658
3078
3715
3716
2187
3593
3914
3720
3721
211
3408
3722
2999
3726
4128
496
3729
3266
4172
3732
3733
982
3997
1367
3737
1387
3739
3740
1890
3114
1435
1680
3327
1926
1441
16
4967
3750
737
963
3753
4397
4915
3756
3757
3758
3344
4752
312
127
1694
2270
1479
305
3767
1970
535
2292
3374
3772
3773
114
1967
4642
3777
3778
3779
3089
2266
72
1061
4949
3785
1961
3787
2443
286
3000
4147
4552
3793
4771
3795
3796
269
4711
2536
3800
4434
3677
4592
3062
3805
2880
2564
375
3809
200
3811
4483
3813
3814
2561
2119
3817
1978
3819
2532
1519
2899
4930
4324
2200
3895
1759
3828
3829
3830
3333
3832
2949
3834
2758
3836
294
3969
4029
4246
3841
2026
833
3844
619
3846
909
1204
1257
2302
3851
3852
1528
817
2800
3856
3491
3858
3113
2330
3369
4293
2164
3418
3865
3866
3867
2723
3869
234
3871
1146
3873
3928
2427
3876
1873
3919
3879
3880
3903
3882
3883
3961
2316
3886
1382
144
3889
3890
3226
3892
3893
154
4151
1372
3730
2826
3662
3900
3901
3902
4335
594
3812
3906
609
3908
3909
210
3911
3912
3913
4486
2386
3302
4808
354
3356
3920
2216
4109
3923
2396
3262
3926
3927
3539
3178
2255
404
3932
3933
1471
3935
1227
3937
3029
409
3940
3941
3942
4206
3944
453
3946
3602
3948
3763
3950
1498
4090
1957
4332
1931
863
2207
3958
3959
3960
2407
3962
1082
3334
261
3071
3967
1150
4757
3970
3971
778
1092
3974
3183
3545
3977
6
3840
3980
2831
369
2499
3984
1039
3986
3987
4459
3989
3990
3991
2218
3993
1855
3995
2730
4312
3998
19
2365
4001
4247
1789
4004
2801
135
4007
4008
3931
782
4716
4982
3092
466
4015
65
1590
1757
2581
4020
687
2085
4425
1797
2486
4026
2909
1898
3839
3140
4031
3480
4102
2097
3170
4036
3209
4038
3821
4909
4041
701
4043
3625
3554
1549
1808
4048
2295
4050
2858
457
1433
4054
562
2631
1899
4058
3766
423
4188
4062
4063
346
3401
4066
2565
3427
1536
958
489
1374
4706
4113
310
3672
1264
1661
3208
2145
4081
4082
41
4084
4085
1472
4087
2636
414
3952
664
356
4739
4101
2798
432
485
98
4099
3483
4094
612
4238
943
991
3629
4502
4108
225
524
4111
4112
577
1189
4115
2049
4117
4118
4119
1569
4121
428
2535
2217
4125
3371
534
3727
4633
4130
392
4132
4133
1768
4135
1111
2816
4138
2629
4140
2172
4142
2249
4144
2914
3842
3791
4148
1359
4150
4364
4152
4153
4721
4155
1915
539
4386
2519
1260
1162
3633
2523
1134
4492
4321
4167
2923
4169
3887
4171
886
4173
4174
4175
3415
4177
4686
4179
4180
4741
4182
4183
4766
4185
2546
4187
2419
4189
2009
2389
4192
2400
3034
965
3335
4197
3929
2655
941
289
1816
4157
4946
4205
4678
24
4208
4209
1671
4211
4212
710
4214
4215
4309
4217
4218
2490
4220
3229
4935
1221
915
342
634
536
4072
4229
4230
4231
4232
4983
3891
493
4236
4237
1193
4239
986
1343
708
1112
4244
4245
165
3570
588
2090
2981
4251
2701
1415
4254
4255
905
4257
4258
3604
4260
3245
4521
4263
156
4769
8
2859
3562
4269
537
4271
4272
4273
2724
2659
756
4268
4114
4249
828
3277
4282
3031
4284
3968
4286
4287
4288
4289
4290
1458
4292
4418
2774
622
3220
133
4551
754
4300
4301
3303
4303
3485
613
78
1159
4308
4124
1241
4932
3735
2171
2382
109
3972
4317
4318
4319
1175
4720
1561
696
3824
4325
2527
4327
4531
3645
121
1979
2825
2726
4334
219
4336
4643
1180
930
3916
4341
4342
4343
1192
1640
4346
3860
996
528
4350
4351
82
2448
3571
4355
1916
781
4358
4683
2987
4361
3537
4363
3775
4365
1240
204
4368
859
4370
2463
4372
4373
2670
4375
4056
4977
1028
4379
4380
4558
2434
2355
4384
4385
4809
2246
4388
1421
3241
492
803
1468
1480
4481
4594
4792
2066
4065
4274
249
4402
1091
76
4405
4158
4407
2817
1517
4410
2356
3172
126
2857
4003
4416
4011
3862
4419
4420
2666
4422
4423
4424
4201
4426
4427
4428
4429
4430
4431
3379
4963
1930
4285
1370
2558
2865
4439
4440
4583
4442
4443
284
4445
2707
2331
4448
4567
2788
1049
4452
1330
1897
1020
155
4409
4458
2393
4460
2079
4462
650
3447
4465
3526
808
4468
3151
361
2303
4472
4635
4116
4475
1172
239
4478
1133
1432
4467
4482
931
990
4485
3377
4487
3050
4489
4490
4491
1019
2422
1678
4495
896
4044
100
4499
2971
1394
4107
4503
4504
2589
4506
4103
4839
4509
1443
4511
2719
4349
977
4515
4897
1107
4518
104
4520
746
4522
4523
1626
4494
4526
4990
679
4985
4530
2068
4532
4533
3992
2130
738
3982
1950
4106
1262
2799
2588
4543
4544
4545
4546
4547
4408
299
4550
981
1338
2495
4554
1705
4556
47
4381
4559
4560
4561
472
230
3126
4080
4566
4449
780
1035
1157
4374
855
3612
4574
4575
4576
3117
3875
4579
4580
4581
2120
692
4877
1251
4382
1076
4804
4828
691
4591
3803
4593
4700
3194
128
499
2665
3685
4600
4601
4602
4603
853
2803
766
2656
2105
201
2360
1444
4612
382
247
4076
2354
2997
3652
4619
2716
4684
4622
1601
4624
1613
4872
4627
4628
3736
4630
4631
4632
777
3162
4256
4636
3391
712
4639
4640
1886
2094
4160
1729
3230
4646
938
4353
365
2299
4651
4652
4653
739
338
4629
3134
677
4659
4660
4661
4662
4663
4664
4665
4666
1276
4668
4669
2116
1478
1007
2129
4674
1412
3996
2541
3943
4679
271
4681
1947
1963
3494
569
3281
4687
4813
4689
3049
4691
4692
4693
2431
4695
4696
4697
4698
2464
2405
4701
4702
2189
970
1852
4796
4707
179
1602
1296
3798
4712
4250
4714
4715
3141
350
1309
4719
3340
3516
843
4723
4724
1981
4726
1322
773
1395
1259
4731
4732
3905
4734
3098
3351
4737
1952
1719
882
4181
4742
4074
4744
3138
3627
4747
4748
3120
4750
4751
3414
4753
4722
2199
4756
3917
4829
2834
3934
4761
4762
3904
3475
525
3121
4404
4768
4014
2351
4836
4772
2229
709
4775
1336
159
4778
4779
4780
4781
4782
4800
4784
4785
341
4454
4788
2101
4790
2149
3754
4793
761
4795
3797
4599
618
4799
4783
4347
4802
3182
4759
4582
216
3316
1455
4406
4810
1490
4812
4070
2576
1812
4816
4817
586
1397
1644
2008
4822
1280
3833
4825
3237
4827
319
4198
3568
4403
1514
3429
1147
2918
1645
3364
4039
4228
4840
3938
2025
4843
4844
1553
1460
4735
2108
3234
4850
4851
1308
1033
173
1065
1612
4857
4617
1641
2832
4861
178
4863
2954
177
1357
422
2160
4869
1867
2639
4139
4873
4874
2053
4252
4725
3456
1666
3180
4127
1143
4075
3636
1178
3578
4887
2188
4889
1912
4891
4892
13
4894
3786
37
2075
4898
1723
4900
1313
1407
4903
3191
913
4906
4907
4908
441
872
2679
3402
1324
4914
3831
1635
3073
2856
4919
4920
4921
4922
917
1677
4390
337
4156
4928
4929
4797
4931
2479
4933
4992
4222
4936
4937
1135
4939
4940
4104
510
3782
4279
148
2238
221
4948
3360
4950
4951
4952
4941
4954
4955
1266
4957
2468
4959
4960
4513
4962
2156
378
4767
829
3749
333
4969
4970
2966
433
4973
187
4161
4976
4203
1078
4596
141
1631
788
4233
4728
1177
4986
1497
4571
3789
3261
469
2271
4993
1802
4995
4996
3008
1284
1929
