5000
0
3254
1270
3
2241
5
253
7
4681
1435
2978
52
12
1529
3201
472
211
924
3576
19
1823
2950
3807
4658
4299
25
3593
1748
2287
2699
787
1245
32
33
34
1845
36
37
38
387
40
41
1662
39
4217
1045
2115
4515
3973
2912
50
3160
647
3305
3083
4704
1110
3097
2609
59
4982
223
62
3223
4365
3609
66
67
68
69
305
71
72
3536
74
3208
76
2306
703
1144
601
81
4927
1919
84
2330
86
955
88
3891
2856
91
92
2067
94
4935
2286
97
3960
99
100
3143
1205
4553
104
78
106
107
689
109
110
111
112
4501
114
4146
116
117
2664
119
120
1322
122
396
246
2086
126
127
128
4650
2156
2855
132
3930
1058
3471
3417
245
3912
315
1794
721
4901
842
2584
4568
1399
147
3314
149
3884
151
152
905
374
155
4999
157
158
1327
160
3124
162
2392
164
1382
166
852
2990
169
329
171
172
2456
2200
1242
3556
3069
2620
179
1641
4094
4649
4809
184
2591
4050
187
2119
3159
4497
531
192
1020
1047
195
2829
4297
1288
199
959
2304
4029
203
3207
26
3767
2902
1832
355
202
183
212
213
4204
215
1195
980
218
219
220
2308
3465
4195
224
2222
3937
227
2705
1532
1275
231
2202
233
695
235
236
237
1654
143
3099
241
242
243
4853
2247
4673
1271
3040
249
1049
251
252
3298
254
3072
256
2905
3870
3612
260
4750
262
533
264
265
266
267
268
221
1004
2210
1558
865
274
275
276
1261
278
4764
141
941
316
283
284
4825
286
4654
4637
2530
4672
1440
2380
827
2201
295
296
297
3317
299
300
4320
2744
303
2137
2599
781
307
308
4030
310
3956
312
313
1887
2865
4234
4898
318
319
3272
1903
322
323
2076
3875
1181
412
1550
4635
2583
966
354
333
1851
4128
554
1707
338
1095
340
2825
1561
343
4880
1069
346
347
348
2545
2885
272
352
353
1993
1999
4558
1571
2403
1836
360
197
362
2446
825
610
1316
367
2351
369
3857
4790
500
373
3458
375
376
4457
378
379
1446
2808
382
2742
384
385
2993
90
3647
859
834
391
2924
3813
394
165
2288
3190
4863
4830
1623
2233
4226
403
404
1918
406
1219
1260
4540
410
411
64
413
1444
415
416
417
418
4111
2532
4996
422
2563
424
1525
1871
427
428
2402
3246
4019
3750
42
434
3181
2682
437
1030
1815
440
441
4177
2634
444
3882
1312
356
1653
449
2452
4373
2607
4452
4665
3524
456
457
4718
459
3348
2987
1516
463
4374
3131
513
467
468
4158
470
471
748
2447
474
4448
476
477
478
4313
95
4628
4329
483
3866
2953
446
2560
4795
824
3482
491
492
1961
494
4188
517
3690
498
2291
2325
501
502
3644
4369
609
2531
1414
2451
509
3128
3249
2216
191
514
3064
2357
496
845
519
520
715
3615
4601
524
733
3791
4829
1281
529
2812
576
532
2031
4804
535
1279
537
1960
1853
1208
541
542
1264
544
545
1672
258
1191
2932
2714
2394
552
553
3994
555
3692
3401
894
3145
1255
4498
562
1039
2149
3149
566
2522
568
739
3597
571
4046
1575
4607
575
4197
577
3477
1210
2333
2229
3608
2438
2318
3268
1882
3003
3820
4724
3496
591
4800
1439
594
595
2375
1145
598
2958
4335
2238
3886
811
4363
605
663
61
608
505
365
611
612
3351
1172
2782
616
617
1297
4438
620
621
622
3183
2968
2608
626
627
628
629
630
3502
632
2927
634
635
636
4892
3310
639
3416
921
642
643
644
645
646
3041
87
649
2244
4002
652
2988
4608
913
656
657
658
837
822
4585
662
606
664
2172
901
667
2494
2701
582
671
508
673
846
3390
676
677
678
679
4362
3981
4394
683
357
685
686
1034
688
1582
690
691
2741
693
694
999
696
1274
698
4395
700
701
702
3971
704
705
1134
2144
1986
4211
1338
711
1170
1336
4562
521
2083
4062
1491
1646
2547
3215
722
123
724
4350
3793
3821
3883
2569
730
4579
3626
1386
4861
735
2252
4104
738
569
1459
3267
4492
743
450
1305
746
408
15
3914
3353
134
1370
3694
754
3347
4870
757
3926
759
3449
761
2032
727
4270
4916
2003
2797
768
2949
1085
771
772
773
848
4294
3186
777
4354
1831
2807
1685
1092
1059
1227
4676
1231
466
1368
789
3373
3763
2386
793
794
795
796
797
2570
4291
800
1247
2652
803
1584
4025
1215
2356
2883
3562
810
603
534
4717
814
815
1777
817
818
3784
4334
821
1749
823
489
364
826
3797
1343
257
2424
831
832
833
2397
835
439
659
838
839
4841
2321
930
653
1104
934
596
847
774
3958
850
1164
306
853
2116
855
3133
2474
858
4707
3839
4616
862
4537
4828
4269
866
867
4662
156
22
871
4233
4818
133
460
3989
877
3646
879
4086
2972
882
883
1008
1958
886
2255
2
431
890
891
2576
893
3617
239
331
897
3430
899
4967
2207
4891
4851
80
4130
906
2471
908
909
27
506
912
2719
3376
915
916
917
4651
4165
920
1614
4035
923
1458
925
1932
1024
928
1102
3942
461
6
4586
2084
2763
936
4321
938
939
940
281
942
4281
944
1752
946
947
948
949
736
2364
952
953
954
648
956
957
958
4957
3583
961
962
350
964
965
180
3766
968
969
4097
2925
1592
3631
974
975
976
1770
978
979
217
981
2461
1755
1980
2393
2549
987
4781
989
990
4785
2470
3928
994
995
3944
3616
507
234
2920
3484
2863
1003
270
3398
3741
4157
3112
2556
4626
1964
1012
1013
1014
1015
1016
1017
4316
3282
105
1021
3755
674
1818
4811
1925
1027
1604
1029
1130
2915
1226
358
1738
1035
2270
2464
1038
3300
1040
1488
1773
1043
3815
3320
1046
194
1048
3070
3835
1051
3830
1053
1054
1055
1056
10
3698
933
3378
1061
1062
4838
1713
2435
1066
1067
1068
3818
2976
1071
3814
1073
1074
1075
4598
2467
3980
1079
368
1081
1096
4886
1084
2815
1835
4416
2193
4036
1090
3469
3627
1093
1094
2136
3118
1097
1098
1099
4683
2134
2982
4875
2841
682
393
4186
1108
3702
888
3466
525
3326
3652
1115
1116
4372
2127
4848
1120
4933
1122
1123
2417
4474
2290
802
2707
3539
2586
1131
1402
1133
706
604
1136
4366
1138
3837
3480
1141
1142
1143
2980
2077
2680
1147
1148
1149
1150
2880
1152
587
2481
1155
1156
4456
4135
2237
51
3123
1408
2186
4574
3678
4241
1167
4351
1169
2692
1171
614
1328
1174
1175
1176
1177
1178
4496
4896
447
1182
3360
1184
4507
2361
574
452
433
3086
1625
4367
1193
287
2641
177
2028
407
1199
3027
1201
1202
1855
1204
4761
1206
1207
767
4669
2508
1732
1212
3001
1214
57
4788
1217
2094
1198
1220
4458
1222
3411
1528
4970
1361
3206
1228
4661
2892
4847
3009
561
1234
1235
2441
4090
1238
4739
1240
2254
1203
1243
4947
1708
2551
1483
973
1249
2439
2180
4326
3294
3020
2590
1256
1257
1258
982
543
2639
1262
1263
1850
1585
1266
4344
1268
4100
3478
436
70
1273
697
3419
2190
1277
4552
16
4688
540
1723
1283
1284
1285
3604
3468
204
1289
1290
1291
1292
3491
1294
4051
3433
4533
170
2888
1300
1301
1302
4719
1304
178
1306
4192
1308
1309
1107
3355
486
670
1314
250
366
1317
3301
1319
4471
1321
121
3345
1236
3058
1326
159
3452
2548
4538
1023
4338
734
2011
4862
1914
3951
710
1350
2272
2354
1342
1002
1344
4731
4179
1347
1348
770
869
98
1352
1353
1354
1976
1356
1357
4250
1441
3869
4018
2983
1363
1225
1200
1375
510
2908
1369
752
2020
28
1373
1374
1761
1376
1377
1378
1379
4855
3547
395
1153
1562
3283
1628
2475
1388
2989
1390
1391
1392
1393
1394
56
3500
1397
4907
3342
1400
3444
3945
3522
1404
1405
1406
1407
1299
1409
4240
2909
1412
1413
2433
1415
1416
3313
1418
1895
285
2445
1422
3538
4379
1425
1426
381
1428
1429
4267
1244
1278
1844
1050
828
1436
2401
742
2712
291
1372
1442
4527
4353
1445
380
1447
1448
881
4738
1451
1452
2938
1454
1455
3860
1527
458
1637
3743
4997
1462
2523
1464
2954
1466
2239
2804
1469
2346
1471
1472
522
4478
3645
1078
386
4561
3197
1480
1481
9
1364
786
3343
4868
1487
3415
2092
840
4023
2693
2847
209
1495
1146
1497
1450
1484
3162
1501
1502
2678
1504
1505
2323
1507
1197
1509
3286
1704
1512
3917
3194
4232
462
2232
4720
2491
1520
3287
3410
2230
2396
425
2725
1457
1224
4715
1757
4390
3126
2407
1229
1535
1536
926
3885
972
1540
2074
1542
1543
1544
3453
3052
1547
1548
2111
4013
1551
3156
229
2068
1555
1556
3848
351
1559
1866
1814
4966
1563
4048
3462
1566
1567
2715
4808
1570
549
4878
1573
1854
2793
3933
1636
4485
1905
4449
1581
1128
1583
4455
3896
2303
2745
1588
2039
1590
1591
1539
1162
1594
1595
2056
1597
1598
1599
3660
1601
1508
2173
2848
1605
1325
782
1608
528
4451
1611
1612
1613
4472
1615
3585
1617
1618
1619
1620
3262
4408
3586
4014
3881
495
1627
1112
1629
1630
1631
1632
1633
3010
1438
1577
584
1638
3889
1082
896
1642
1643
1269
1645
719
1647
3152
103
4536
1651
583
448
1365
1655
1656
1657
1658
1659
951
4310
2926
1663
2131
1665
1666
1667
1668
792
4183
1671
4744
4210
1674
2681
3029
4772
1678
1044
1680
765
1682
4696
4377
4723
1423
1687
4609
1689
851
3873
3427
3501
1694
1774
1696
1697
1011
1699
2139
3269
1702
3840
1511
3213
1010
4406
3414
118
1710
1841
3639
1064
1714
3822
1716
4846
2643
1421
2655
1367
1722
4687
1724
1725
1726
1727
482
1729
1730
1731
1246
1741
3129
1318
1736
1737
2363
1739
4634
1733
1742
1743
1744
1745
1746
24
3367
3135
3853
1183
1517
3901
2112
983
1756
4254
1460
4670
1760
3288
1762
1763
1764
1403
1766
1767
1768
1769
2635
1771
2754
806
2408
1775
2679
2331
2498
3188
2016
3504
3073
3459
4766
650
1786
1787
2940
2910
3900
3909
2419
1793
3729
1684
409
753
1626
1799
1800
3671
370
3309
2750
1805
4151
330
4934
4888
1810
1959
1812
3558
342
4595
3935
1817
927
1819
1820
4799
1822
3079
1824
2684
1826
3717
1828
4763
3036
4302
208
2628
963
1086
359
1837
4942
1593
4160
31
1842
3005
1433
3066
1846
1847
3258
1876
1639
3903
4483
3386
1574
175
1856
349
2602
1523
1026
1861
1862
4980
1864
1865
1560
1572
2703
1869
945
426
1538
2414
294
1875
3555
1877
1878
2833
1880
4701
586
1829
1884
3290
1886
1693
1888
4131
205
1891
1892
1893
1894
1033
3890
1609
3685
3959
1900
4060
1902
3196
1467
904
1906
2651
3370
1811
2907
1911
1912
1913
4946
2061
1916
1917
919
83
85
2598
830
4506
1924
1860
1926
1927
4228
1929
1930
345
3503
4445
4161
4110
1936
4695
1938
4827
1940
4107
1942
1943
516
1945
3798
1947
4178
1935
4528
4972
1057
1953
756
4984
2868
455
3046
4783
3371
493
1962
1963
4383
1965
1966
1967
2552
1969
1970
804
1972
1852
1974
2437
1355
1977
1978
2696
1712
2457
1982
1983
3425
1849
708
1987
1717
2937
4583
1991
1992
2521
453
918
546
1997
4705
3982
2368
2001
1698
2341
35
4096
2006
1681
2008
3388
1250
3483
3867
2013
3732
2015
438
3735
2018
2019
2503
2021
2022
4439
2024
2025
2026
2027
560
2029
876
263
2405
2033
2034
2736
2049
3532
2038
2974
2080
2041
2263
1140
2044
4953
2046
2047
4640
2036
3505
3964
1186
3808
4252
2055
2661
1411
1272
4975
1259
1881
3053
2872
2064
2311
2066
2045
526
4170
2070
2071
2072
2073
1541
2683
324
597
2771
3946
2040
2081
2082
1904
4392
4936
125
2087
4376
2089
2090
4521
3635
892
1218
304
2096
3379
2098
3949
2100
4646
680
2103
3549
2538
4093
2687
469
2109
2476
168
3289
2113
2114
30
1077
2163
2118
188
2120
2121
4031
2123
712
2125
2126
3234
2442
4257
2130
4987
3436
2945
1331
2135
2185
2095
2138
2078
2140
2141
2142
2143
707
4557
2146
3987
2148
392
4162
167
2152
2274
615
2155
2704
2157
2998
2159
1948
2788
4208
2450
2164
2107
2166
2167
2168
2293
2170
2171
1295
1603
1518
2175
791
2177
3428
3153
3244
2777
4555
4509
2184
1173
3260
2513
3534
2189
1276
747
2192
4789
4129
2195
228
2197
2198
2278
2640
1589
4914
2203
2204
2205
3651
666
2208
2209
2996
4950
2212
2213
895
3876
4144
2217
3180
2219
2220
2221
3324
3872
2176
2225
2226
2227
2228
2814
2906
728
1780
401
2234
2235
2236
4468
93
4263
2035
4912
2242
2243
4614
3929
2246
137
2248
2249
2250
993
4189
2253
1241
4278
317
3638
2258
4965
2260
2261
2262
4229
2264
2802
2979
2760
2268
2269
4168
2271
3769
4426
2153
2275
65
3838
2199
1087
2280
2281
230
2283
2854
2285
2007
1996
1313
4559
4890
4346
3362
4588
2294
2295
2458
2578
1340
2299
2300
1789
2302
1586
201
2305
484
2307
4767
3350
2747
2065
2160
2313
2314
3383
465
713
4590
2319
2320
841
2322
4176
2324
372
2326
2327
2328
2329
423
2579
2332
580
2334
2335
1362
1434
2338
2339
2340
884
3976
1848
4505
1648
4644
2347
2348
2349
4729
1080
58
2353
2901
692
2390
4001
2358
3695
4563
4882
2362
4765
579
4055
717
2367
2497
2369
2370
2005
3977
3225
2374
4221
2928
2377
2378
3786
292
314
2382
1139
3456
4301
931
3878
1816
3855
740
2391
564
714
988
1036
1524
1384
2398
2399
1705
1437
429
4664
4459
3030
2406
1533
3119
2409
2410
4844
2573
4289
4667
672
2416
2478
1718
3200
2420
2421
18
4668
1922
2425
2882
3485
1650
2429
4317
2343
2787
998
625
1239
2436
3238
878
1719
2440
1100
2128
2443
1514
3006
4620
473
4727
4174
4154
2415
3372
2352
2454
1578
2097
2622
2296
1119
2460
3768
2462
2106
1037
4500
2466
2527
2468
3039
992
907
2472
2473
2595
2895
2110
1196
1124
2479
20
3852
2482
2183
2484
3231
4199
2487
3439
2489
4084
1519
2764
2493
4526
538
2448
2592
2947
4659
2500
971
2918
3144
4280
2505
2506
2507
1660
3531
2510
3454
2512
4532
1383
2515
2516
2517
2518
1346
2520
332
1493
4133
2524
1194
2488
2400
2528
2529
289
3220
282
4099
2534
2535
2536
3722
3380
2539
3781
903
2542
3877
2544
1624
1117
3440
1252
2619
2550
3559
481
3783
2554
4225
405
2730
2558
2559
487
2561
2562
1920
2564
2565
2566
4182
784
2627
420
2571
2572
4645
2574
2575
2093
2577
2297
480
2580
2581
4991
4378
1496
2770
1640
624
2588
3420
4422
755
2923
2593
1990
559
2596
3940
1921
2828
2600
2601
665
2603
2604
2605
2606
1683
2997
2453
3250
2611
1839
1798
2614
4059
2616
1858
2618
836
1114
2778
4101
2623
2624
2625
2626
3804
1833
2629
4684
2631
4430
2633
3154
3363
4368
2637
2956
1703
2792
216
2642
2449
4091
2645
1701
2647
819
2899
2650
1101
1127
1430
2654
161
4385
2657
2658
3775
4876
2820
2662
1296
1709
2665
2666
2667
2668
1461
2317
3528
1981
2894
1747
1985
2676
2677
2695
3447
4265
139
247
864
4194
922
2686
4224
1489
2689
2690
2691
2124
1492
578
1503
1979
2697
2698
2161
3984
280
2702
1868
130
3203
2706
887
2864
2709
2710
1443
593
3543
550
1568
1019
2717
1345
655
2720
2496
2722
2315
2724
2053
2726
2085
3809
2729
336
4711
2732
2733
4713
2735
2240
2737
2738
2769
1825
776
383
2743
302
4481
1360
2310
4905
2749
334
813
2752
2753
3871
3675
943
2757
2758
977
2267
2761
3142
1797
3499
4803
991
2767
2768
4276
2585
1700
3709
2773
2774
2775
4674
4309
4461
2779
2009
1280
2279
2783
503
4751
479
2069
29
2789
2790
4206
4737
573
2794
2731
2796
1125
277
2799
2800
1113
4835
2803
4065
2805
2806
4813
1427
4617
2810
2811
530
3526
4386
1349
2816
2817
4774
2819
3632
1192
2822
2823
4295
2966
2826
3757
1565
4227
2830
2831
2298
1879
2721
3264
2836
4941
2838
2839
2840
844
3655
2843
2844
2245
2846
4922
780
53
2850
2851
2852
2853
1233
2670
174
2857
2858
1052
2860
2861
1060
3487
2708
1675
2866
3553
1956
4361
2870
2871
4235
3605
3151
4423
2876
2877
2878
2879
1151
889
2426
2685
2884
255
2886
2887
3157
3650
2890
2891
1230
2893
4877
1387
2434
2897
2898
2649
2900
885
207
2903
2904
1576
1154
4698
1944
2057
4112
3972
4314
744
638
48
2916
2917
1341
2939
4642
4371
1883
2316
4397
2122
4308
633
2376
3575
2519
4061
1616
2933
2934
3155
2936
1989
684
3424
3752
2941
4012
2943
2944
2133
660
2117
2948
3811
4833
3018
2952
4777
1772
2557
2638
326
3578
3715
4222
2961
2962
3728
2964
2965
301
2967
3105
2129
3178
4088
3923
4995
4436
3676
2206
2977
1952
849
675
2050
929
641
4076
2985
2986
1669
843
4822
2718
2991
4945
1477
4404
2995
1031
4523
2158
3179
4268
1649
3002
4578
3004
1843
176
3007
3024
1232
3580
4491
3012
984
3014
3270
2495
3017
2951
3712
1254
3021
240
3023
3008
3025
3026
2984
371
3554
4759
3031
3032
3033
4908
2646
1830
4820
2048
2511
1870
4884
490
3537
3044
3045
2809
3047
1890
3049
3050
3548
1546
2881
3054
2178
3056
4691
414
3063
3060
3061
2589
3059
1310
3065
3327
3067
3068
2091
4193
3071
3481
1782
3074
3075
3076
3077
3078
1994
4207
3817
790
3777
3552
311
1190
3087
3088
3089
3090
3091
1971
4839
4238
2946
3096
1042
3834
4782
4441
3101
1734
3103
3104
3669
2869
2151
3108
536
2427
3111
766
4212
3114
3115
3116
3117
13
1695
3120
3121
3954
1161
321
3125
248
2411
1721
3292
115
2000
3132
856
750
4142
3136
3137
3138
3139
3140
3141
2762
101
4307
4564
3146
3147
3148
565
3516
2874
2345
2179
443
1690
1552
4706
3158
189
3426
769
1500
3163
3164
3165
3166
3167
3168
3169
3170
3171
3841
3173
3174
3175
3176
4899
785
2999
4482
435
2231
4418
3184
3185
3199
3187
73
3189
2615
2052
3192
3285
102
3195
3765
1479
3198
2379
1792
14
3202
2181
3204
3592
4791
244
75
2859
3210
1465
3212
3295
3214
47
3216
3048
3218
3849
798
3221
3080
63
3224
2373
3226
3227
3228
3229
3230
1209
3232
3233
4480
3235
3236
3022
4768
2088
3240
3241
3833
3243
259
3432
430
3856
3776
2675
2610
3827
3252
3393
3248
3255
4081
3257
1303
3259
1163
3261
4755
3263
2921
3265
3266
741
4466
4550
2444
1135
320
3273
3274
3275
1410
3000
875
3279
4421
3281
2716
2759
4109
3193
1510
1521
2388
2756
1885
1715
3102
4736
1253
3677
4643
3297
2224
3299
4067
1735
3302
3303
512
2671
1939
3307
3308
3247
1159
1106
4330
2587
148
4484
3316
4587
3318
1463
4511
3321
1910
3323
225
3325
3396
2004
4052
3329
3330
4205
3332
1251
3334
3335
3336
3888
3338
3339
3340
763
1213
1485
3344
1323
3443
1602
4089
3349
4319
613
3352
523
3354
937
3356
3357
4332
3359
196
3418
2292
3673
3364
4092
3366
3107
3368
4865
1908
3016
854
1179
3374
3375
914
4364
144
173
1315
3381
3382
2659
2930
4166
1482
3387
2780
3389
79
3391
21
3253
3394
4396
2801
1088
4414
3399
3400
2251
563
3403
3034
3405
1474
3533
451
3579
1522
1223
3451
3413
1711
1111
640
136
3361
3978
3062
1941
3422
4685
4977
1984
4747
1692
3055
4510
4139
3431
3245
2663
3434
3435
2132
3437
3438
421
1545
3441
3442
3346
607
3445
3446
1776
2002
760
3508
3759
2483
4780
3028
3455
2384
293
154
1783
3460
3461
3498
3463
572
2223
1874
3664
1287
4520
3470
4857
3472
3473
3474
2632
3476
2694
3278
3479
4024
4518
3745
4327
1001
1473
3486
4883
3488
3489
2017
3319
3492
488
3710
3495
590
3497
3974
2492
1396
4660
631
567
4679
1728
3506
3507
1950
3747
3510
1506
3512
3513
3514
3515
485
3311
4597
3519
3520
3521
1765
3523
1957
3525
445
3718
1553
1840
3530
2509
2960
3407
2188
3535
4504
2145
142
1129
3540
3541
3656
4116
3544
3545
3546
4784
2766
2104
3550
3551
3084
2867
3511
153
1000
3557
1813
2037
3560
3011
809
3563
3564
3565
3566
3567
3568
3569
3570
3571
3628
3573
3106
2929
4138
3577
599
3975
4513
3581
900
3803
4760
2389
400
3587
3588
745
3590
3591
637
4336
3594
1515
3596
570
3598
3995
2837
3601
3602
3603
3893
3035
3606
3607
3582
1160
4849
3611
589
3844
3614
232
2355
935
3618
3619
3620
911
3622
3623
3624
2723
108
1513
3572
3629
3630
475
1596
3633
3634
3341
3636
4114
2765
1784
3640
45
3642
985
860
1475
4007
388
3648
548
1329
1781
4985
3653
3654
2842
3542
3657
3658
3659
1600
226
1293
3663
3467
751
3666
3667
3668
1453
3670
2688
3672
2922
3674
4388
2975
2913
1165
3448
3529
3681
3682
3683
1934
4734
3686
2784
4725
3689
4215
3691
1032
4258
3423
2359
3696
3697
3019
3699
3700
3701
910
3703
2617
3705
3706
3707
3708
4069
4239
3711
764
3713
3714
4066
1530
3965
341
3719
3720
3721
2537
3723
3724
3725
3726
3727
4663
4845
3730
3892
2014
3733
3734
725
3736
131
3738
539
3740
1006
3742
3358
3744
3109
3746
3509
2644
3988
829
4864
1788
3753
3754
1022
3756
2889
3758
3412
3599
3761
3762
932
4303
1720
778
206
681
2832
1622
3771
3772
3773
3774
3625
1995
1863
3312
3779
3780
2798
3782
1476
2648
3785
3322
3787
3788
3789
4657
4318
3792
726
3794
3795
3796
1432
1946
3799
3800
3801
4044
3057
3464
3805
3806
1796
1526
2728
3098
4836
3812
3517
181
2301
3816
3902
1185
3819
588
1931
4866
3823
3824
3825
3826
4615
3828
3829
4993
3831
4573
619
3810
2337
3836
2102
2211
3687
2042
3172
3842
3843
3613
2404
3846
3847
1557
4956
3850
3851
2935
618
3854
3395
4604
1802
3858
3859
1456
3861
3862
3863
3864
4714
2957
4542
3868
2746
2099
3637
4427
11
3874
325
2215
2543
4549
3879
3880
3649
2772
3182
150
1872
602
3887
273
2191
3015
89
3731
2010
3894
1420
4298
996
1166
3899
1790
720
222
2612
3904
3952
3906
3907
3908
3920
3910
1371
138
3913
4969
3915
3916
986
3918
3919
1791
4671
3922
2060
2914
3925
758
3927
557
2845
874
3931
4251
2459
3934
129
3936
801
454
3939
3095
1490
551
3943
2849
2108
2079
3947
3948
497
3950
1337
3905
3953
3122
2970
4288
3957
4963
1899
1351
3961
3962
3963
2051
3042
2896
3967
3968
3969
3970
3643
4514
668
1606
4325
2342
2372
309
3979
1933
1211
4200
3983
1137
3985
3986
2147
4580
2030
1103
3991
3992
3993
4602
4126
3996
3997
4769
3999
4000
3518
651
4003
4004
4005
4006
1679
4008
4009
4010
4011
2942
328
4155
4015
4016
4017
60
3621
1795
4021
4022
2973
279
805
2277
4027
4028
4150
2282
4512
398
4033
4034
2150
1089
4037
4038
4039
4040
43
4042
4043
3802
4045
3406
4047
1564
1909
186
3704
3328
4053
4054
2365
4273
4057
4058
397
1901
2931
363
4063
4064
3490
2959
3242
4516
2059
4070
4071
4072
4073
4074
4075
732
4077
4078
1431
4339
3110
4082
4083
2058
77
3296
4087
4236
1395
1237
3748
4277
1644
1494
4095
4145
970
4098
4476
2463
2672
4102
868
2656
1333
4106
3421
4108
3284
1949
4565
2423
4113
3211
4115
2713
4117
4118
4119
4120
4121
4122
4123
4175
1607
3760
4127
2266
4885
2477
1889
4132
1859
4134
3941
4136
4137
1661
2154
2834
4141
337
4143
2336
1025
3130
4147
4148
4149
749
3315
4152
4140
1778
4437
3895
1007
3384
4159
1801
4460
718
4163
2821
1009
3385
4167
2395
4169
4577
4171
4172
1109
3081
4124
2431
442
2312
2955
4180
4181
2567
1158
4184
558
1499
783
2613
1758
4190
4191
3392
1873
2740
1401
4196
4429
4198
2486
3955
4201
4202
4203
214
3331
2791
3222
1359
4209
4801
709
1534
4213
4214
3589
4216
44
4218
4219
4220
2546
3584
4954
2165
2555
1587
1751
1928
2502
1417
4231
4994
872
807
1857
1827
4237
1188
3494
3276
1028
4242
1897
4244
4524
4246
4247
4248
4249
1358
4911
2054
4253
3716
4255
4256
2969
390
4259
779
4261
4262
716
4264
2862
4613
2653
3277
1221
3749
4271
4272
547
4274
4275
762
4647
2214
4279
2504
46
4282
4283
4284
4285
4286
4287
4949
2413
4290
799
4292
4293
1635
2824
4296
361
1265
2674
4300
2525
4812
3764
3094
4305
4306
4185
3790
1478
2422
4311
4312
2786
49
4315
1018
2430
1554
4623
960
1311
4322
4323
4324
3306
2075
1973
4328
4798
3778
4331
950
4333
820
193
3217
4337
1332
4080
3191
4341
4342
4343
1267
4345
4889
4347
4348
4349
1468
4535
3333
2490
2196
4355
339
4357
4358
4359
4693
3574
2383
3271
3377
4085
1580
3037
4971
4686
4370
2776
3595
3408
464
4375
3239
4923
1807
1424
4380
4381
4382
4603
4384
737
2919
4387
2755
3641
1531
4260
2169
4393
1105
699
1664
163
3924
4399
4400
4230
4402
2621
2366
4405
335
4407
1975
4409
4410
4411
96
4413
1005
4415
898
4417
623
4419
4420
3280
3092
3043
4424
4425
2273
1063
4428
4403
1248
3865
4432
4433
4434
4948
140
504
1381
2023
4440
3100
4442
4443
4444
3409
4446
4447
4824
2700
4450
1610
1806
4453
4041
1740
1157
377
3337
1286
3684
4243
4462
4463
4464
4465
585
4467
432
4469
4470
1320
3256
4473
4352
4475
2162
1569
556
4479
1118
4951
2218
4401
2381
2455
4486
4487
4690
4489
4490
3561
775
4493
4494
4495
2428
2105
2284
4499
2465
113
4502
4503
1779
2344
1923
1907
4508
2480
3429
327
2501
4682
2911
2187
4068
4517
4398
4519
1091
4807
4522
4534
4245
1954
4173
2711
3450
4529
1449
4531
669
1750
3966
1168
2371
863
4968
4539
4762
4541
2012
4543
4544
4817
4546
4547
4810
2387
997
4551
2174
146
4554
2182
4556
2875
511
2289
4560
967
1652
2360
857
419
2432
4567
145
4569
4570
4571
4572
3832
3897
4575
4576
4612
2514
731
3665
4581
4582
2594
4584
3898
4187
3845
861
4619
661
4591
1803
4593
4594
1324
4596
788
4641
4599
4600
808
2257
1041
4592
4605
4606
1187
654
1688
4610
4611
1686
3082
1785
3938
518
3751
4618
4589
2994
4621
3051
2309
4624
4625
3739
4627
1676
4629
4630
4631
4632
4633
3304
3251
1951
288
4638
4639
1706
124
4389
880
1470
2412
2101
3365
4648
182
4566
3662
4652
2265
2385
4655
4656
1189
23
2499
3688
4918
4103
2963
1419
4699
4666
190
4815
2485
1759
3921
290
1076
1898
4636
2727
4412
4678
1070
4680
8
1579
729
2630
723
2636
1307
2781
4689
4488
4340
4692
4360
4694
1937
3693
4697
2873
2063
4700
1691
4702
4703
55
1998
1330
389
4708
4709
4710
2795
4712
2734
4431
2669
4716
2751
17
1968
4904
4721
3475
271
4125
4356
4726
3205
4728
2350
4730
1549
4732
4733
1385
4735
3293
4819
1498
1065
4740
4741
4742
4743
1804
4745
4746
2276
4748
4749
2194
2785
4752
4753
4754
1621
4756
4757
4758
4056
1132
2540
870
2835
1298
687
3013
2673
3770
2533
3998
4771
1677
4773
2818
4775
4776
3150
4778
4779
1753
238
1955
4049
3402
1808
4786
4787
1216
3397
4797
3527
4792
4793
4794
3493
4796
2469
2553
1821
592
1673
4802
3291
812
4805
4806
2062
4964
2971
4548
4821
4391
1072
4814
499
4816
4545
873
3209
4164
54
1389
4823
1339
4156
4826
2739
1083
527
4622
4831
4832
1282
4834
2597
2043
4837
2418
3093
4840
1670
4842
4843
3127
515
4986
3679
185
3610
4850
2541
4852
1834
4854
1380
4856
135
4858
4859
4860
4105
1335
4032
1915
3369
4530
4867
1486
4869
4525
4871
4872
4873
4874
1126
2660
1754
1867
4879
344
4079
402
3038
3911
261
2827
4887
1809
3990
600
902
4153
4893
4894
4895
1180
4897
2256
3177
4900
2981
4902
4903
1537
2748
4906
1398
3404
4909
4910
3932
4
4913
3661
4915
4677
4917
3113
4919
4920
4921
3457
4770
4924
4925
4926
82
4928
4929
4930
4931
4932
1121
399
816
1366
4937
4938
4939
4940
3600
1838
4943
4944
2992
3737
4881
4435
2568
4026
3161
4952
1634
4223
4955
3219
200
3237
4959
4960
4961
4962
4653
4477
2259
4304
1
4020
210
198
298
4675
4973
4974
2813
4976
581
4978
4979
4266
4981
3085
4983
4958
1896
1988
1334
4988
4989
4990
2582
4992
4454
3680
3134
2526
269
4998
4722
