1000
181
1
2
3
128
655
710
130
775
555
932
295
12
193
442
961
719
205
18
819
266
504
22
716
24
692
26
27
592
29
485
483
32
869
946
35
36
37
86
803
763
786
42
515
44
153
207
765
811
49
230
51
52
938
711
55
375
57
58
59
586
721
62
63
801
65
677
652
68
69
70
71
630
73
74
75
600
77
78
79
287
473
82
83
84
394
740
780
511
732
427
351
92
93
94
126
23
549
793
99
72
712
102
760
104
840
106
888
953
109
110
111
828
643
286
115
284
672
979
870
120
302
505
123
124
905
933
127
4
129
986
131
132
31
996
270
675
913
138
450
140
141
217
966
60
145
817
407
148
201
433
151
152
935
146
155
420
942
391
768
649
5
162
163
364
790
317
381
994
807
641
812
172
173
359
241
176
301
178
179
423
823
348
339
184
185
191
708
188
189
315
680
589
164
194
804
489
197
941
211
200
119
158
121
204
358
802
46
210
500
818
114
955
213
884
160
216
999
688
219
198
681
659
30
224
225
226
313
228
229
50
231
748
233
715
881
236
447
238
239
240
237
563
214
761
245
443
122
967
293
250
411
252
458
970
255
993
766
258
514
830
669
262
324
264
156
20
349
268
269
135
271
272
700
161
275
322
277
278
393
330
281
757
144
444
285
948
488
741
154
298
354
292
166
800
520
296
251
899
751
854
177
203
467
683
816
401
273
599
309
310
39
930
759
314
304
316
730
318
319
247
534
518
323
388
714
326
168
328
671
280
282
332
723
437
335
336
538
338
9
340
341
907
343
344
490
512
300
421
628
350
559
813
353
291
355
456
19
17
174
360
909
248
403
814
365
536
367
368
369
462
645
390
373
851
579
376
689
378
379
380
734
195
383
320
385
386
387
312
389
134
791
392
279
85
395
183
990
288
399
400
601
208
363
321
405
480
484
408
96
410
571
412
945
414
415
496
980
260
477
265
441
422
650
100
425
426
90
428
429
493
871
820
150
465
625
436
334
438
439
772
925
14
694
637
931
446
527
864
449
139
366
452
453
454
455
356
754
253
66
498
543
370
98
750
434
903
25
468
417
733
471
519
459
474
81
476
952
846
479
406
136
665
463
249
257
918
487
133
796
345
276
492
430
494
495
825
943
968
744
209
678
722
234
244
618
506
472
508
509
202
88
594
513
971
541
466
517
499
507
876
521
522
806
524
525
635
175
263
958
548
531
532
912
620
535
451
537
337
784
540
118
542
461
583
137
503
547
530
97
704
551
624
553
717
7
89
557
558
922
560
561
827
242
235
142
47
283
568
482
570
347
572
573
574
731
576
546
510
792
580
581
582
705
584
585
327
587
616
829
663
591
33
593
892
595
596
597
598
308
48
858
602
603
879
785
606
894
608
609
610
554
983
613
957
486
588
617
384
619
157
923
895
623
552
331
362
627
973
629
501
105
632
633
915
526
636
15
638
773
640
835
642
634
644
834
374
647
648
41
567
0
67
959
654
789
770
657
658
222
660
76
626
664
125
566
666
667
874
261
944
91
117
673
464
333
676
409
167
679
998
749
865
190
684
824
686
687
218
668
372
691
290
693
246
695
696
697
698
837
307
701
702
578
220
544
776
738
149
311
361
992
396
713
325
725
863
611
718
170
720
61
502
6
724
577
726
590
728
729
147
575
556
838
424
735
736
737
707
739
38
752
416
743
872
685
746
936
232
221
674
299
329
753
116
844
756
435
758
64
956
964
762
54
764
569
810
795
991
769
841
771
440
418
774
8
706
777
860
95
223
781
782
745
539
605
523
787
788
457
165
398
868
703
794
767
402
303
798
799
545
227
206
709
382
805
352
169
883
809
87
53
256
404
294
755
615
289
908
186
306
821
822
103
850
143
826
562
112
699
377
831
951
833
371
965
778
187
460
839
845
11
842
843
815
848
478
847
631
849
919
646
852
853
653
939
856
857
182
859
108
861
862
470
413
682
432
867
45
346
113
431
491
783
639
875
43
877
878
13
880
564
882
196
243
885
886
887
107
897
445
891
797
893
607
622
896
670
898
808
900
995
902
199
904
727
475
56
28
419
910
911
533
690
914
192
890
917
550
747
920
921
80
621
924
866
926
927
928
929
528
916
10
779
934
342
101
937
481
855
940
297
651
497
889
662
34
947
516
949
950
832
656
836
954
212
742
614
529
305
960
274
987
963
21
16
215
448
906
969
254
259
972
997
974
975
976
977
978
180
469
981
982
612
604
985
873
962
988
989
397
159
40
171
661
901
984
267
357
565
