10000
0
9761
2
848
8881
5
608
7
6184
9032
1255
4470
6353
13
7020
3767
16
698
5118
19
20
21
966
233
24
6531
26
62
27
29
3082
31
6042
8168
1267
8417
36
37
4033
5335
40
41
2146
6384
44
1845
2970
3396
2003
3893
2661
5734
52
3312
7958
6875
7669
5935
58
59
215
4704
3986
63
2920
65
66
5310
68
7714
4792
4270
1050
73
2015
8909
2030
8964
78
5570
80
2863
82
8358
84
4308
2292
87
316
4266
90
949
8749
4227
3072
95
434
9204
98
99
6677
101
102
3040
2340
105
7450
107
3866
109
3456
4144
272
113
114
115
3242
3314
9596
119
8951
7464
122
7126
446
1944
9619
5409
6103
129
130
6479
3853
3992
134
135
9979
49
138
8218
140
3676
142
143
6952
7324
146
147
7572
149
3670
6766
152
1504
9828
4497
156
157
158
159
160
161
162
163
108
2646
7739
7541
1051
4286
170
171
2767
173
9240
3667
7364
6859
3616
8669
4861
6191
7673
7089
184
185
7941
1398
188
2761
190
191
688
8376
8164
2954
196
197
715
199
1202
6225
202
6507
8776
83
7207
207
208
9203
2557
211
212
213
5949
1864
216
2504
9602
219
7187
3733
222
223
224
1199
226
227
1648
4397
6313
4721
232
711
234
3919
236
5280
2150
4695
4936
3636
9317
3782
5552
1392
246
6785
3689
8391
6077
260
252
253
254
255
256
8277
258
598
42
261
262
7016
6650
265
266
4481
4491
2326
9297
271
7440
6823
274
8083
6278
4526
278
1902
1250
407
282
3742
9136
8382
6721
3601
3083
6840
7837
8241
4795
5341
3928
295
296
3677
2147
299
8785
2782
9532
7104
7137
305
306
5553
308
4279
310
311
312
1034
7048
315
4963
2844
457
6139
320
1343
2050
4889
441
3175
9217
9709
4948
647
330
5625
8798
333
5345
335
3292
9198
338
2720
1245
5924
342
8001
444
345
3726
347
4501
349
350
351
7300
6250
9335
355
356
3372
358
670
360
5251
1737
1104
9284
5593
1372
367
5222
4233
7160
1894
372
2699
374
375
6297
6293
6672
379
4809
1703
3060
1485
384
508
3328
387
9169
9811
4174
4804
392
8125
3380
1369
396
397
398
399
400
401
7783
7388
1360
3662
6639
4514
408
409
6453
7283
9631
413
414
6787
3012
417
2510
419
4677
421
5800
423
424
2727
5410
427
428
5875
430
1935
432
4264
6229
435
8965
5037
8822
4626
9077
5588
639
9872
2862
7756
1249
7221
448
449
9920
9171
452
8282
1322
7244
7350
5351
458
459
1883
461
462
463
46
8046
7634
7165
7217
469
470
6258
2957
8814
1027
5898
476
5587
478
479
1235
1831
482
483
6914
6249
1258
487
8044
1794
198
2521
492
7079
494
495
9214
497
6730
816
3084
501
1047
4387
504
505
6062
7790
7320
9440
6414
511
512
8032
4274
515
3121
517
8916
519
3488
3751
522
523
524
4073
7117
527
528
6252
1029
1373
7736
5268
534
3504
6720
4567
9738
3229
1412
693
542
543
2587
545
6760
547
3402
7478
2553
182
552
7097
5121
2868
2106
5300
4511
559
7178
561
562
8312
5735
8294
4563
567
8566
4560
6071
1536
4842
573
574
615
8063
577
2569
8633
3685
7127
582
583
3907
585
586
2682
9069
6255
9904
5592
592
2112
8160
595
596
8828
259
3013
4719
601
4386
9182
604
7485
606
926
845
1100
325
3602
8133
613
614
575
1111
3052
618
3134
2888
621
4964
623
47
625
6881
4010
7942
629
9990
1712
8457
2539
634
635
2145
7013
4003
442
640
5367
642
8056
4557
9453
646
2974
648
4392
8720
651
8591
653
622
655
6673
657
8082
1731
660
3486
662
663
7131
6045
666
4332
668
8589
671
5922
7203
638
674
9927
1668
677
4960
679
2469
7401
2809
8425
684
685
686
9561
7539
689
1426
7036
936
2347
103
695
696
6493
526
3867
700
2132
702
1837
704
9243
6850
924
708
709
710
6566
7590
713
6804
9586
716
416
718
3911
720
2278
722
4261
5461
9558
726
6951
9572
5266
8870
1108
732
3467
8086
735
180
7765
39
2236
1482
741
742
743
744
5722
746
9766
5711
749
410
1223
752
5874
8148
5685
756
6063
758
1153
7607
761
762
763
2723
3070
3815
2964
7980
769
770
5331
772
889
724
775
7019
9327
3300
7574
780
781
8444
5125
784
785
6660
1623
6908
5442
5993
5479
9569
2614
794
2343
6320
9584
3255
799
4158
9040
802
1069
804
2045
806
8138
808
809
6404
9018
812
2982
814
9202
5865
1850
4402
819
820
5210
822
823
824
6217
826
827
828
829
830
5008
832
833
9804
835
836
4742
2087
9695
840
2234
3977
843
5129
9298
9195
5784
2422
9364
850
8392
4833
5357
9551
855
3308
857
8151
67
6971
861
3745
863
864
865
658
867
2503
4189
8859
871
8189
2475
5692
875
263
3942
6395
6742
880
969
882
32
8493
885
886
3641
4107
34
890
891
892
9331
340
895
896
897
7776
899
6181
901
8764
903
9403
7977
906
907
7655
909
5483
911
4807
913
4034
6569
5019
917
3563
9173
920
9994
6083
923
1717
9968
579
9042
6193
6167
3119
4038
8318
538
934
7101
3464
937
1201
3687
7049
2524
942
630
944
4760
4589
947
7568
1583
950
951
952
953
954
955
9939
6926
958
4647
960
961
5485
4606
6160
1397
2177
967
4154
881
970
971
8094
3790
9421
975
976
6027
2677
8461
7902
981
982
9957
984
1874
5919
9491
7998
8448
6209
991
6844
6981
994
3712
4219
2508
8299
9459
7214
8912
1002
1013
1004
8611
1006
3479
5562
6618
2115
6528
2841
337
1014
8903
1016
7409
1018
4424
1020
6659
1022
712
1024
1025
7066
3473
3831
5887
1030
1031
9294
6174
2197
1035
1036
4472
1038
1039
2700
3818
9604
1043
8248
4310
1046
9616
1366
5712
4779
488
1052
1053
250
1055
1056
7090
2544
2993
5384
9597
1062
8346
1064
4447
9157
1067
7862
8467
217
1071
1072
5661
8874
4354
1076
7698
1078
1079
60
4430
7648
2062
1084
1085
1086
8926
9111
9296
2739
1091
3350
1093
1094
1900
6822
1097
4474
1099
5961
3517
1102
1985
8612
9550
9012
2934
731
1109
2762
616
7885
1113
1114
8110
8227
2214
1118
2543
2501
4410
1122
5151
1124
403
834
1127
1128
8875
1602
2798
7164
1133
1134
4803
1136
1042
1138
1707
1140
2023
85
6890
1144
1208
3652
1147
1148
8438
6620
8206
3057
8894
1154
1155
1566
1157
1158
8115
1160
9757
2919
1710
1164
2485
5377
1167
9514
1169
1170
1171
1172
8584
9228
8570
6048
1177
9109
1179
5471
1181
1182
1183
5642
3700
4276
1187
7003
1189
1190
1191
1192
4849
1194
7860
3000
5527
1198
7560
1200
938
7836
1289
1204
1205
7606
1207
5196
1209
1210
7243
1212
6388
1214
3447
1216
1217
4211
9546
2570
9860
5505
751
8488
5849
1226
6854
6713
1229
3354
1231
1232
1233
7861
9013
3704
7021
9413
6589
7964
1241
1242
533
5942
894
1026
2000
1248
124
8790
8317
43
3541
1254
10
7289
9924
9347
9637
1260
3384
7566
5678
8099
7434
868
1871
1268
331
1270
1271
1792
1273
5404
4051
4180
1277
1278
7567
1280
7689
1282
8996
3705
7979
7279
221
5244
5754
8471
183
6376
9322
8436
9189
9527
1297
1908
6427
344
1301
1302
1303
7030
214
4805
3666
1308
1309
3250
7635
645
3063
1914
1315
1316
3315
1318
1319
3967
1815
6786
1323
376
2333
1326
6058
1328
2591
4644
1331
4192
1333
1334
1335
1336
5447
9767
9283
3671
1341
1342
8957
1344
1345
1346
2408
1348
1349
496
5970
6998
1353
1354
9354
9921
1357
1358
5241
404
8278
4372
1363
5275
1512
7378
8329
9386
3359
1370
1371
5413
846
2390
6703
8023
1377
5278
1379
1380
530
1382
5606
9922
972
8711
6257
7587
1389
1390
6763
9376
5870
1952
7976
7917
9164
4337
5363
2144
2604
1402
5651
1404
1106
3192
9028
1995
1409
3221
7909
8525
1413
1414
1415
5458
1417
6806
6311
1420
1421
9285
4559
1424
7381
9937
1560
9126
1429
5208
1431
7738
1433
2871
3933
1436
783
4843
1439
1440
509
7529
5554
2006
5007
7453
92
3612
1449
1450
1451
1452
1453
2977
6096
1456
3438
8446
1851
1460
6950
8190
1463
3975
1465
6556
7721
727
8196
1470
3624
5343
1473
6699
1475
659
1477
286
371
8693
548
4403
8574
9241
6602
7692
1396
9706
4208
1490
6977
7596
765
7236
8123
1496
1497
3061
9433
5905
9222
50
6885
5896
6066
3610
5089
5325
2397
2024
821
2989
7297
2744
1350
1516
1517
1272
1519
5614
9194
1522
8684
1524
1525
9001
1527
1528
1529
1530
8049
9210
1533
3211
4342
1919
1537
6902
2793
9212
2612
1542
1543
1544
4444
1546
1547
1548
267
1550
1551
8656
6038
6924
3908
1556
1750
7993
9929
5047
9799
4643
7269
1564
1549
8514
2498
1568
9178
1570
4450
1572
9566
1574
8142
1576
1234
1578
9399
4177
1581
1582
6820
943
8794
1586
6377
1588
6412
1590
2651
4851
1966
5730
1595
7577
3697
1598
1599
1600
1539
1130
3095
1604
6904
1606
1607
2519
1609
5133
1611
5932
1613
6437
2463
4652
1617
4464
1619
6808
571
3375
553
9259
1625
5649
8863
8076
9031
1630
6882
9245
1633
5768
8057
1288
1637
1638
1753
1640
287
7116
3071
1644
9916
8541
1554
7584
8184
8484
1314
1615
3930
7830
3335
7034
4853
1658
1659
9190
4055
1662
1663
1664
1665
9044
1667
6314
3632
1670
9452
5160
1673
8777
1675
8291
6498
8765
1679
8043
1954
2466
1683
2349
4074
6726
1687
5684
1689
1690
1691
1692
8507
6348
1695
1696
3054
1351
1699
5786
6216
1702
5284
856
5206
540
1139
1708
9824
1163
257
1166
1713
8755
1715
9089
8623
7820
4172
1720
3346
1722
8842
1724
5513
1726
2799
2010
1729
1730
6448
1732
1733
3114
1735
2515
362
1738
1739
1740
1741
7448
4840
9056
7716
1746
4569
4120
587
8210
3590
1752
8619
597
5574
1756
1757
2882
1759
1786
1761
1762
1763
1764
1765
5187
5022
1768
1769
9951
1771
1772
1773
5370
1775
4869
1777
3857
1041
1780
4478
1782
1783
1552
1355
249
3784
9814
5282
1790
5164
9385
2511
8677
1795
4519
4974
245
1799
2620
5605
1646
1653
1804
1805
4298
8402
1808
8992
2108
1811
1812
9250
6280
6682
2663
2922
5937
3553
1820
2046
2903
9119
2253
1825
33
945
5775
8393
1010
2400
3897
859
5502
7334
8366
7169
1838
9725
4747
1841
6084
5255
1844
4509
5498
1847
4148
2039
817
1459
7799
5850
6267
3137
1856
7262
1502
3698
3244
1861
6737
9946
7197
1865
6331
51
1868
707
1188
8918
4364
1857
6523
1875
1876
2968
1168
1879
1880
5076
1882
460
7524
8405
605
1749
1888
8762
1890
1891
7091
1893
5170
3964
1896
2785
1898
2231
1149
9535
279
1903
1904
5762
9355
9751
7809
4943
5297
2148
2362
1913
1557
1915
1916
5984
6835
8172
1279
1921
1922
1923
5710
1925
1926
1927
6119
5881
8941
3419
1932
9184
1934
3519
6090
1937
1938
1939
1940
2565
1942
1943
125
406
7804
1947
1948
9903
1950
5643
2066
1953
9588
7152
5146
1957
2613
1959
1374
9295
8423
1963
9880
5892
1090
1327
3368
8203
1970
1116
1001
3774
1974
6938
3623
1977
6286
1979
5052
4545
9930
7952
3309
120
9235
1987
1988
4503
748
1991
1992
1993
1994
3814
2675
334
7772
2724
9103
2001
2002
5235
2004
5516
4534
2007
2008
656
1728
9356
2012
2013
1508
74
3059
2017
2018
2019
9992
2021
2022
166
8640
2025
2026
1037
2405
6028
76
2416
8331
2033
2034
2035
3855
2037
7722
1827
4121
2041
2042
2043
2044
805
9544
2047
2429
9076
7080
915
3645
2053
518
2055
2056
8717
4944
2059
4460
2121
9662
1887
9794
2065
1394
2067
2068
2996
2070
3843
2072
8747
8079
5671
5213
7267
4617
3310
2080
2081
5209
4868
4884
9874
9140
3270
9192
3487
9609
7903
7476
2093
2094
5766
2096
921
3717
2099
2100
5369
4620
2103
2104
2105
8326
309
2541
7901
2461
4133
4741
2113
2114
7579
7597
4294
6557
1457
7405
8883
9855
5974
9154
4115
2126
2127
2170
2129
5964
2131
131
9714
5591
4846
1472
2137
2138
4247
2140
7204
2142
8843
8429
9081
3979
8511
9411
5149
8285
2151
7779
2153
3117
2155
2597
8731
9834
2159
3929
9581
3103
9661
3884
8075
9057
6410
2168
8186
2128
2171
2172
9882
2174
3851
1518
22
2178
2473
4929
7792
6617
2183
9319
9522
8850
8339
2188
4162
8010
2191
6125
2193
4223
2195
4212
7286
2198
2199
2200
9129
3228
8420
2204
2205
1356
8977
9679
2891
2210
2211
2212
7728
5080
2215
8976
7817
4541
2219
2220
2221
2222
4265
9016
9087
4350
8655
2824
2229
4393
813
9623
2233
6
930
4630
2237
872
6394
2240
6571
8609
2243
2244
2245
2246
8989
2248
5126
4507
2251
2252
3679
3984
2255
2256
8887
2258
2259
8061
144
3722
733
2264
2265
8805
5444
7871
1493
5967
7053
2272
789
8072
7882
8534
2277
3256
8788
2280
2078
2282
2101
617
2509
6691
2287
3622
997
2290
7990
6551
2293
8170
7881
2296
1701
9306
2299
2300
2301
977
2303
2304
4670
3066
2307
2308
4688
1375
2555
2312
2239
3404
2315
2316
2317
2318
3673
6780
3382
5012
2323
2324
2608
4896
2327
7349
3648
4089
5464
2332
6891
5130
9326
5508
620
1468
7967
8554
9925
8535
795
7508
2345
8631
6009
7876
1859
2350
4815
1068
3574
2354
1007
2356
2387
1003
6075
2360
5388
5267
703
2364
4999
7200
2367
2368
2369
7800
1719
7750
2373
957
2375
2376
2377
3140
2379
7691
6958
2382
6398
2384
8862
1339
4977
2388
6905
2535
359
2392
2393
1096
2228
6685
1509
8264
2399
481
8074
2402
2359
2404
1628
6798
6248
2051
6019
2410
5589
5318
6779
2414
7039
9451
1467
9771
2419
7558
5227
9191
2423
2424
1256
2426
5031
2428
2048
2696
292
3880
2433
7633
1858
9653
2437
2438
3202
2440
2441
3339
1624
2444
7994
2446
9248
2448
2449
2450
5139
4380
7939
2454
8550
9146
8224
9948
2073
2460
1407
2462
9883
3572
7706
1682
2467
7618
2600
9041
5077
8750
1881
2474
9108
2476
8369
4598
7310
3358
4461
2958
2483
2484
8335
2486
740
6821
2489
2490
2491
4390
9008
2494
4042
3874
2497
1567
2499
2500
9477
8939
9495
3898
3450
2506
7828
4045
4953
4723
8663
2512
1621
2396
1736
2516
9299
2940
2223
2520
4187
2357
8462
2628
2525
6334
7192
3615
2529
1976
7838
1614
2533
2534
7831
9628
2537
2538
633
1784
3482
2542
9006
8532
2545
2546
364
2548
8690
3569
8202
1680
9168
2554
6382
2556
7858
1905
2969
2560
2561
2562
2563
2564
7313
7068
2567
2568
7357
1220
2751
2572
7250
5774
3719
5640
2577
2578
2579
2580
2581
2582
2583
2584
2585
4762
2879
9984
7206
2590
771
2592
1686
2594
2595
2596
1296
8421
7093
9917
8244
2602
2603
6978
2605
2606
2607
4570
2609
3010
2611
5532
8175
5561
2615
4047
3529
2618
2619
1840
8349
5851
2623
2624
3921
2626
2627
3237
2629
2630
2631
2632
2633
2743
5847
9368
9084
9419
6272
2640
9895
4599
2643
2644
1584
5983
5909
5316
8152
2650
4609
778
9336
2654
2655
6702
2657
2658
6406
2660
2435
4196
1330
2664
2665
2666
1506
2896
2669
4931
7456
5765
2673
2674
1860
2676
5452
6122
2679
2680
5360
4919
6910
2684
64
6797
3415
2688
9149
5064
2691
2692
8549
2285
8638
3797
8198
2698
2452
6180
2701
7103
2797
1471
2705
2706
2707
788
1494
9935
9183
2801
8213
2714
9720
7538
2717
2718
2719
3978
6052
2472
6917
7166
9207
3152
8743
9797
2729
3096
2731
8597
3991
2734
2735
2736
2737
8145
2886
4343
4891
4905
8780
4093
2745
4366
2747
2748
2749
5604
2672
2752
2921
2754
2755
1312
2757
2758
5172
9162
189
5514
1684
2764
18
8559
7819
2768
2769
2770
2771
2772
2773
2774
2775
2776
4975
9443
2779
9426
7874
560
2783
8490
1897
2786
7229
4848
2789
2790
2791
2792
1601
2794
4056
6583
7987
2875
1727
2800
2712
2859
5773
4363
2805
2139
2807
1608
5860
2810
8624
3042
2813
1061
3406
1151
2817
9528
2819
8970
6182
3130
9053
7084
2825
2826
3158
5030
8256
2830
6073
2832
4229
2834
2391
2836
9861
2838
968
8604
6263
4972
4962
8810
3708
2846
4525
2848
6701
7157
2851
4319
168
5718
7285
2856
9716
4126
2802
2860
590
8831
7487
2864
2865
6834
9035
4510
8627
2870
2276
2872
2873
2874
9143
2876
7076
5745
3793
2880
8889
3442
4814
2884
6765
1593
800
3731
5202
5771
1021
2892
1846
2894
2895
1793
4581
2898
2899
7789
6968
6337
341
2904
2905
2906
2907
2908
2909
9580
8466
3885
9030
2250
636
2916
4137
2918
9177
730
86
1817
7065
1219
2925
210
2927
1700
3431
2930
2496
2932
4433
8320
2935
2822
2937
2938
6525
3180
2941
7928
2943
914
5429
8214
2947
2948
7344
1766
9134
5482
9605
5861
8592
927
472
6475
2959
2960
5246
6752
2963
2319
2965
2966
2967
4036
2559
464
7451
2972
2973
9543
6011
2976
1454
6714
2979
2980
2981
837
7275
2984
2985
2986
3001
1863
317
2990
4419
3651
6291
9344
2995
5154
2269
8707
2715
4923
8569
3002
2942
3004
3005
3006
2310
3055
3009
8187
3011
3257
599
4098
3015
8387
3017
1672
8602
3020
3021
6105
3023
3024
4829
3841
4052
3028
3029
6247
3038
2726
3033
3034
6942
1058
3037
6567
3039
3627
3041
4982
3043
3044
4341
6991
3047
3048
3111
3050
6473
9940
3053
1080
1332
3056
973
9312
2016
382
9742
3062
5338
5425
3703
2306
6728
3068
3069
2997
1676
94
7703
3074
3075
3076
3077
3078
6467
8518
3081
420
3278
500
3085
3086
9589
5746
3554
3090
1337
7575
3093
6352
9729
6878
3097
3098
3099
8890
3101
3102
209
5334
3105
2683
9370
3108
3109
4838
8999
3112
3113
7037
3115
3116
2154
2987
8564
3120
4517
3122
3123
3124
3125
3126
9699
3128
8973
5968
603
3132
3462
3434
5097
619
1855
3138
3019
1304
3141
5346
6116
6424
3145
8644
3147
3148
3149
6370
7435
3407
3153
6428
17
5259
473
5551
1936
8522
3161
3162
5674
4437
218
3166
3167
3168
3169
5750
3171
3370
5330
3174
4946
3176
2738
6993
3179
2169
2279
3876
3183
8290
3185
3186
3187
8
3608
6668
3191
1406
3193
3194
3195
3196
3197
9607
6015
3200
3451
9640
3203
3204
8031
3206
3207
3208
6097
5423
7877
3212
3213
3214
7505
3216
3217
426
4615
1802
9747
3222
3223
4476
3225
6400
3227
2202
2291
3230
3231
987
3233
5667
3235
3236
941
4425
5307
4679
3241
4414
3243
9682
6812
8211
3247
4787
3249
652
3251
3788
3253
5116
8146
9648
8155
3258
1929
3032
3261
8934
3263
3376
9963
3266
3267
490
3269
838
3271
4516
3273
3274
5834
3276
7245
9545
3279
3280
3281
8826
3283
8865
3285
8571
7232
3288
6711
3290
3291
336
3293
6056
3295
3296
3297
3298
3299
2648
9147
998
6330
8177
3305
3306
3307
6985
9398
6300
4635
4204
3303
451
7780
3316
4493
3318
3319
3320
1627
3322
3323
9838
3325
9635
3327
386
1801
3330
3331
3332
3333
3334
1751
705
3337
3338
2374
3340
4435
3342
7912
8577
9578
3759
2815
3348
4375
1092
793
5221
3353
1596
3355
5795
8465
8441
8007
8553
3361
3837
9469
9024
3365
8390
3460
8263
3369
6554
8109
4014
4443
1632
1622
3264
3377
7737
4939
8237
3381
7335
3383
2668
3385
8512
3387
9678
3389
3390
611
7795
3393
9685
6590
8783
3397
3398
3399
4553
3401
9138
7479
2314
3405
3347
8754
3408
5099
3410
3411
5641
1998
2413
7497
3416
4605
230
1931
3420
3421
5938
3423
637
1103
3426
9082
3428
7460
3430
4327
3743
3433
1709
7316
3436
3371
2119
5173
3440
3170
1758
6143
3444
8671
3446
5816
3448
7321
9600
644
3452
3785
3454
6715
7514
7240
70
6301
3457
8816
3133
9315
5760
3465
3466
3027
5204
5100
3470
1123
3472
474
3474
8498
4352
3477
6351
7436
3480
3481
4778
3483
3471
6043
661
2089
9831
9112
3254
3491
3492
2403
578
6997
759
2831
9320
3499
3500
7985
3502
3503
7745
3505
6517
4206
7518
3749
9625
5281
3512
3513
3514
8878
3516
3995
1082
4903
3520
3521
3522
536
3524
3525
8330
370
3528
3757
3453
1558
3532
5687
2946
3603
3536
3537
3538
2346
3540
2853
1789
5262
9307
4241
9964
2216
5211
5998
3550
6530
3552
366
3089
8255
3556
3557
9721
7184
6825
1401
3562
7856
3564
4836
3566
6817
3568
2550
5813
4745
9268
3573
5889
3575
3576
9743
151
3579
5270
3581
6522
3583
3681
3585
5576
3587
7563
2206
6099
6696
5038
2331
3594
5809
3596
3597
9857
3599
6386
7825
3613
9334
3859
2926
5028
3607
3189
2900
9945
4866
1448
3989
3614
3344
178
3617
1930
9591
3620
1117
4488
6954
4485
3625
6548
5714
2867
6321
9185
5940
4473
3633
7650
3635
2944
3637
6260
3639
8630
7690
3642
8478
3644
4641
7959
7730
2573
3649
9571
1984
1156
1294
6603
6596
4780
9819
3658
5337
2057
6355
877
3663
5061
9114
1307
6992
3668
3669
1877
4235
3672
4234
4536
4724
141
297
3678
7521
3680
5876
3682
3683
3684
580
3131
4821
3688
6588
3723
3691
6466
3693
3694
3155
4772
1597
8706
3699
1185
3701
3702
231
844
1284
3706
9036
2845
8861
3710
3711
995
4750
3714
9657
4336
2098
3718
5288
3720
3721
2262
3690
4246
4040
2852
3727
3728
3822
8830
2337
1101
6407
5254
5487
3736
7615
6044
3739
9321
9055
283
6118
7264
71
1788
6047
9095
4584
3750
9715
3752
3753
9779
3755
3756
6628
3900
128
7535
3686
1445
7872
3764
6309
7694
5852
3768
2028
3770
3771
6109
4914
5496
3775
3776
8261
4451
6065
3780
28
2796
3783
1681
3530
7348
9230
3252
8892
6883
8482
3792
4214
3794
9361
4885
6719
9912
3799
3800
3801
7768
3803
902
4351
4857
3807
5509
3809
3810
2725
3812
7148
904
7580
3816
3321
9291
5701
6416
7532
9414
7906
8975
3142
3826
3827
7085
405
4191
6867
1971
3087
2470
5132
104
7653
4210
3839
1484
4237
3842
2071
4864
5803
3846
304
3848
3849
3850
8895
3852
132
3565
499
3856
1778
3858
5785
7001
5060
6070
3863
3864
8212
5788
699
3868
5449
6631
9004
3872
1832
9372
7431
3182
3877
8509
9519
2656
3881
3882
14
2164
2912
2478
3887
3716
4278
1745
15
8969
6538
3894
4420
2780
5611
1910
3899
6662
3901
3902
3903
3904
3905
3906
3205
4797
7176
3910
3836
1657
4825
3914
3915
3916
3260
5729
235
3920
8884
3922
3923
3924
3925
5201
7234
294
9155
1803
7067
5257
9197
4311
5353
874
6771
187
3939
7100
7296
2645
3943
2436
3945
3570
3947
3948
6513
3950
2924
3952
3953
3954
8409
2713
2111
3958
2522
5468
3961
5963
4313
9449
3965
3966
4384
3968
3969
3970
6458
3972
3973
7077
7183
3976
139
5138
4717
3980
3435
3982
3983
6166
3985
831
3987
3988
3391
3990
2029
5193
3993
3994
3732
3996
3248
3998
3999
7132
3049
126
8281
4004
4005
6955
4007
4008
4009
2261
4011
4012
4013
2242
1704
4016
4017
9873
4019
4020
4021
2421
8338
4024
4502
4026
4027
4028
7949
7802
4031
4552
38
7056
4035
884
4037
5980
4039
8587
4041
2495
4709
6549
9732
324
6941
5491
8088
3022
9276
8696
4053
4054
1661
5391
4876
9810
8683
4060
4061
4062
8068
6592
4065
4066
860
4068
3535
4658
4071
4072
525
8327
4205
7288
4077
3343
5488
4080
4081
4082
2052
4084
4085
2647
5415
4088
2330
5675
4091
4092
1514
3199
4095
4078
4097
3014
5332
7623
4334
4102
3224
8852
4105
4106
888
8573
6273
4110
4111
4112
4113
4114
7536
1531
4117
4118
6761
7038
2040
8899
4827
4124
4125
7963
4127
6657
6094
3744
4063
4132
7015
6462
8928
4136
8590
4138
4139
4140
7564
4142
1045
6651
4145
4146
7961
1848
4149
4150
4151
4152
999
541
4155
4156
9851
8243
4159
4160
4161
6621
4163
4164
2344
6192
9348
4168
4169
4170
757
9353
8174
5946
8416
4176
1033
4178
4179
1186
116
4182
4183
4184
4185
1571
9998
7383
9524
513
3830
3418
12
4675
4195
9570
9227
4198
4199
1243
4483
4202
4203
9518
6896
7957
4207
9489
4209
7265
7237
2196
4213
6021
4215
4216
89
3586
996
4220
4221
4222
6770
4224
2355
4226
1634
9780
8378
4230
6782
1960
7787
5071
8215
4236
9933
4565
6959
4240
4618
4653
6906
9552
4245
2697
5637
9961
2685
7280
5936
787
4253
4254
4255
4256
4257
2207
4259
7829
723
5573
4263
433
2808
4217
4267
2652
9131
4800
5091
6964
4273
4965
4275
3696
4673
3889
2730
5352
4281
4282
4283
8288
4285
175
6586
570
2662
4290
7109
4292
4293
9258
4295
4296
853
7078
7891
281
4301
7886
7922
4304
4305
4306
4307
2518
4309
7921
4022
4312
8222
4314
4315
4316
4317
4318
1324
4320
4321
4322
4323
4324
4325
277
9823
4361
4329
5269
4331
3847
4333
4101
7338
3888
4985
5731
1816
4340
4272
1427
2740
9606
4345
4346
4347
5355
2208
447
6704
3476
8642
5070
4830
4356
4357
1054
4785
4360
3374
6051
3734
6680
8666
3766
7004
9783
303
2225
4371
1362
1142
4374
3349
1652
4377
4378
4379
9396
4289
4382
4940
1760
9577
602
5104
4388
3031
2492
4391
3409
8632
3725
7179
7729
6864
627
4399
4400
4401
818
7470
5486
4405
7625
9612
3143
4409
6057
5402
4412
7422
4993
2063
2459
4417
4418
8701
6101
4421
7884
4423
9281
6016
4426
4427
8127
4429
9278
4431
3657
2411
4434
3341
8234
3164
4438
6158
4440
4441
8871
9021
7462
4445
4446
1065
8004
9931
4186
8037
4452
4453
4454
4455
4456
8628
4458
9010
3591
6346
7811
4841
1618
4465
4466
4579
9175
1716
6604
4471
3931
9437
8653
4475
2133
4477
4269
9841
5867
8116
4482
6093
5955
7047
4486
9500
2288
4489
2271
268
1479
4682
4494
4495
4496
9279
558
4499
4500
348
9429
9641
4504
8272
2854
2914
4508
45
5427
6879
4512
4513
4300
4515
3272
5027
4518
7474
4520
3156
4522
4961
4524
2847
7932
4527
4528
8131
8451
4531
1787
4533
801
4535
383
1714
5203
4539
7041
8147
1385
7699
5603
1500
4413
4547
4548
4549
4550
4551
4032
3400
2842
4824
4556
1391
521
6095
4498
4561
3951
6913
4564
4238
4566
5862
4568
1747
2325
1501
4572
4573
7373
3026
3220
4577
3
7419
4580
8440
7968
4583
8521
1800
4586
4587
8645
1797
9866
4591
3891
4593
554
4595
4596
4597
3326
2642
6305
4601
4602
4603
4604
6486
4765
4607
4608
1545
4432
4611
4612
4613
4614
4287
4616
88
9257
8370
7798
8481
9232
4623
2295
2134
9462
8051
4628
4629
739
7471
4727
4633
4634
3311
4521
7638
9955
4639
5994
2667
2721
1562
8486
1538
7005
4901
2425
8309
4650
264
6198
8271
4654
4705
4656
5186
4070
4659
8316
7583
4662
8860
4664
4665
4585
4667
4668
3144
2305
4671
4672
4277
2110
9392
9731
6852
3871
5958
4680
4681
3317
4683
4684
4685
2746
4687
9381
4689
4690
4691
6202
4693
4694
251
5575
4697
293
4699
4700
4701
7012
8813
4880
4655
4706
3357
4708
2284
4710
5991
4712
6645
2020
4715
8823
3507
6922
9712
7846
440
1933
1589
3675
4059
4726
5957
4728
8680
4730
4731
4732
2828
8529
2036
4736
7149
4738
3981
2230
8825
2722
4743
3892
5669
3584
7896
4748
4749
3713
2412
8249
4753
4754
3160
6553
1388
4758
1829
1849
4761
1678
1184
4764
963
4766
5971
6597
4769
6578
4771
1671
4773
4774
4775
9479
7661
8772
4930
55
4781
1949
4783
6774
4359
201
154
8851
8153
7170
4791
3458
4793
7591
1693
4796
8069
4415
4799
2913
2575
6390
2653
391
1306
3025
7274
4991
4663
203
1510
4812
9412
928
2351
4816
4817
4818
2686
4820
1807
841
8084
2353
3329
4826
5653
4828
8799
3577
4831
4832
5796
4834
6511
9563
9760
7486
4839
1743
974
572
1438
4844
4845
8952
4847
8139
2166
4850
1592
3498
2107
6372
4855
4856
6614
4858
5190
4860
2060
8735
4863
3844
5709
3611
5067
1656
1824
4870
4871
4872
4873
7547
2091
6079
8615
4878
2992
2443
4881
6858
8220
2084
9231
7222
4887
4888
323
4890
2741
4892
4893
8820
4895
7098
4897
4898
4243
4900
959
4902
6024
4645
6290
4906
4907
9801
4909
4910
7850
4904
4913
1641
9407
4916
4917
5385
8406
4920
2961
4922
1196
4439
4925
8470
9630
4928
908
7315
682
4932
4933
5105
4935
9914
4937
4938
3379
4383
4941
8306
1909
1428
4945
4755
4947
328
9727
4950
467
8193
280
8363
7848
9090
643
4958
4959
6343
4523
9687
1872
1146
5408
4966
431
4968
6524
1089
4971
4883
9180
7843
2766
8226
7414
1526
4979
4980
1443
2480
5537
402
3938
6157
4987
4000
4989
5127
4808
2994
2530
4994
4995
4996
7209
4998
7242
5000
5001
5002
56
5004
5005
5006
3762
9583
5009
7643
5011
2322
5013
1262
2531
3003
5017
5018
3862
5020
5021
8539
6542
8757
5815
3240
5622
1126
5029
2702
7365
5032
5033
5034
5035
5036
7684
9475
5039
2385
455
5042
9124
5044
544
9444
3918
5048
4368
5050
5051
8704
5053
5054
2176
5056
6629
5058
5059
3861
9011
5062
1300
4131
5065
9289
6873
4479
5069
8913
7617
5072
5073
5074
7695
9798
2471
5078
4651
9393
5081
7483
5083
5084
5085
9273
5087
5088
1951
9488
5436
5092
7803
5094
2917
5096
2348
5098
2370
3469
5101
9
5103
932
6503
7774
3647
5108
9669
5110
5111
5112
5113
7161
4147
8225
1287
584
6151
5120
4594
2401
933
5124
5014
2249
2890
5736
4648
2334
5131
3501
8500
5134
9502
4057
4707
7081
2451
5140
5141
5142
5143
5144
5145
1383
5541
7570
2149
3088
6215
5152
5153
5807
137
5205
5157
7087
5159
1603
2574
5162
1236
8809
5165
5166
5167
8011
5169
1176
5171
2759
3439
8183
4714
7813
5177
9142
7821
5361
5181
6344
5183
5184
5185
4657
4576
5188
5290
5247
6552
5192
8134
5194
5195
5354
1399
4467
5199
7953
3974
1364
600
3468
4232
3761
5207
7339
368
2058
516
5212
2076
5214
5215
5216
5217
4099
5219
9730
3352
72
5223
5224
9043
9708
5109
5228
5229
5230
5231
1283
301
5234
48
5236
5237
5238
5239
5240
4428
5242
5243
6033
9309
5283
2558
5248
5249
5250
361
7319
9723
2804
9843
5256
6153
5258
4666
6031
5261
6895
5263
5580
5265
1981
1912
9366
5739
5911
5271
9503
8687
5274
5987
5276
5277
5197
5279
237
764
5756
1843
8682
8967
5286
9246
4801
5289
5189
8968
5292
7599
6208
5295
5296
2488
5298
5299
6857
8962
5519
5303
5304
9233
5306
3239
5308
5431
2861
5311
5312
5840
7351
8520
8675
8091
8759
4167
5320
6170
9962
5323
5324
8787
5326
5327
6443
11
5944
7629
2945
4480
9711
1012
5336
8098
9106
5339
247
1028
8354
3177
5344
5435
3825
8397
5348
5349
3232
318
4280
3935
1145
6698
8276
6886
3511
9097
8090
1706
5362
1378
5364
5365
5366
905
7948
1290
3829
5371
8821
6654
9486
5375
5376
1240
5378
6619
5380
6464
5382
5383
3526
9511
5947
5387
2361
550
5390
2795
5392
5393
931
5434
6133
5567
5095
5399
4733
1520
2843
7208
5405
3234
5406
9950
514
2709
1563
5411
9517
5313
5414
7668
5420
5417
248
5419
6374
6049
1754
5823
5424
2267
5426
5315
5428
555
5430
5309
4407
5433
6329
1997
5741
5437
5438
5439
5440
9858
2273
5443
2540
4739
5446
2552
6359
3869
5450
551
313
5453
5454
2339
5432
5457
7412
5459
5460
774
5462
5463
4875
5465
5466
5467
6784
1918
5470
7943
5664
5473
5474
5475
9595
5477
9371
791
5480
5481
2952
6474
5484
962
4404
1285
7592
5489
5490
5787
1962
3036
9756
7135
5372
5497
6461
5499
1734
5501
1748
5503
2617
5829
5506
6638
1779
3808
5510
5511
5512
5871
176
7073
9490
5517
5518
5302
393
5521
5522
728
5524
7956
3621
1197
1899
2878
9496
5798
1541
3275
5534
4094
675
9875
5538
8176
5049
5147
5542
5543
5544
5545
7304
5547
5548
8524
9740
8540
1577
7542
2528
5555
5556
5557
5558
1070
5560
5319
3531
760
5564
5565
8732
5397
5568
5569
8053
1057
5572
9533
1755
4696
2201
7029
5578
5579
2971
5581
5582
5583
5584
5585
5586
1642
2694
721
5590
6863
300
365
5594
491
5596
5597
5598
5599
5600
3413
5682
4544
8953
9997
1956
5607
5608
5609
5610
5782
883
4952
4988
5615
6814
5617
1009
5550
5620
9091
6270
5623
5624
4076
5626
5627
5115
2858
5630
5631
5632
9620
5634
5635
5636
2693
5638
5639
2297
9839
4768
5401
8911
6163
5523
5647
5951
1626
5650
1403
5652
2507
2760
6274
5656
4955
9959
5659
5660
5469
5662
5663
2593
5665
5666
1274
4627
3571
8136
7255
3218
9015
3163
4090
1839
5677
1263
5679
5680
1492
3282
5747
946
755
649
1266
4588
5689
5690
6745
4484
5693
5694
8966
7228
5697
5698
734
1486
4064
5601
9070
3661
5705
5706
5707
2536
6683
1924
1990
1884
5713
6081
5981
5716
5717
6468
5719
6212
5721
745
1321
5724
6197
5726
5727
6469
3210
2855
4338
5732
5733
1867
564
851
9736
5738
150
3606
4867
7024
5743
5744
8060
2988
5683
4592
346
1320
1870
5752
5753
193
5755
8748
2931
6539
220
6674
6341
4767
8576
5764
2849
2095
5767
4297
5769
5770
4018
6605
6177
1447
1828
5102
5777
2933
5779
7205
5781
3926
4676
7069
3760
4660
4048
7923
5789
5790
2833
8778
5793
1873
9308
852
5797
5531
5799
422
1049
5802
3845
5804
5805
5806
5673
5808
3595
5810
6367
5812
3946
7773
5025
8703
5817
5818
5819
5820
5821
5822
2812
5824
5825
9671
5827
5828
242
5830
7754
5832
8724
7491
5835
2009
2281
6516
5839
9341
8927
5842
5843
2487
9765
5846
6529
5982
6114
1791
7241
6520
5333
8351
5026
5856
5857
5858
5859
1225
7059
537
5863
8403
4096
9330
4449
5868
5869
2887
1725
5872
5873
753
2203
5529
373
5878
5879
7621
3259
5882
5883
5884
8812
5886
8454
5888
5613
5890
5891
569
5893
5894
5895
4406
5897
475
7299
5900
1999
5902
5903
5904
9696
5906
5907
75
8313
4069
5700
4879
5913
5914
5915
5916
5917
9340
8135
5920
6006
2835
8801
965
5925
5926
4358
5928
5929
2857
5931
6178
9660
866
1444
3949
1818
9065
5939
3631
5941
5848
5943
3493
5945
3104
5386
5948
1305
5950
1744
5952
5953
5954
3823
1340
4811
9907
5959
5960
609
9474
3485
395
7482
7610
2049
6818
5969
288
3777
5972
9287
5530
5975
3190
5977
6561
5979
275
9104
1244
7417
4165
5985
7679
2889
5988
5989
9667
5182
6292
790
4640
5995
9614
1911
3549
5999
1958
6001
6318
6003
6004
6005
5841
9568
8551
3605
6010
4408
6012
9380
6014
1835
3238
6017
6018
4506
6020
7186
3136
6023
4967
6025
6026
2302
1685
6029
6030
4030
6032
8868
1347
6973
6036
6037
1553
6039
6040
6041
7092
8575
3738
5445
8643
2929
9255
5198
8274
5676
736
7227
6054
6055
3294
8758
1967
6059
6060
6061
506
4777
6064
683
1505
6067
6068
4874
3373
7677
6072
879
6074
3173
2162
8804
6078
5136
6080
7561
7327
922
1842
6085
6086
2038
8629
6089
3159
8617
6092
4201
4129
8353
4718
980
1464
1655
8311
9713
390
9349
9686
4303
6106
4927
8563
322
2756
6111
9639
6113
2075
6115
3429
6117
3432
1276
6150
6121
3664
6123
6124
6470
5921
6127
6128
6129
6130
9754
5472
7936
1885
6135
6783
6137
6138
6892
2320
2481
6142
3791
6727
6145
6146
6147
8531
6149
5811
1503
6152
3932
7484
8885
2621
4986
3917
6159
964
6161
6162
6279
8919
6165
681
7608
6168
6169
8713
1329
6375
3578
4268
7343
8077
4631
1612
6179
9995
900
2821
9264
3188
6928
6186
6187
6188
6189
6190
181
4166
6445
4610
6195
2341
8093
1269
6199
6200
2477
4692
6203
6204
1313
9788
6897
8942
8476
6963
6211
2635
1483
6214
4978
2576
825
6218
6219
6220
6221
3834
6223
6224
6630
3883
6227
6228
96
3820
4002
4228
6233
6234
6235
6236
6237
6471
6239
6240
6241
6242
8622
6244
3544
5973
9323
2407
8922
6338
7196
9484
6253
6254
5621
6256
1387
471
6259
3638
6261
6262
738
6264
6265
6266
8855
1137
7770
6369
6544
2639
7397
2523
4752
6276
6277
276
7413
4918
6281
6282
6283
6284
6285
121
6488
6288
6289
8742
7733
5992
7112
6294
6295
6296
164
6870
6299
6035
750
6302
6303
6304
8468
6306
6307
6308
664
1535
9739
6312
229
7970
6315
6316
6317
270
6319
979
3629
6322
7971
6324
6325
6326
7009
6328
3724
4538
1866
3484
6333
4355
6335
6336
2902
353
6339
2266
5761
6342
3277
5855
2371
1419
6347
9555
4822
6350
3478
5260
4193
6354
5175
6356
6357
6358
5448
6868
9615
2998
6363
9148
5776
2097
1523
6368
3073
5783
9673
8414
2513
5416
6172
1292
2232
5654
6379
6380
6381
2311
9002
1252
4578
768
6387
6459
6389
489
7473
6392
6393
2313
878
6396
5317
2383
9822
3226
6535
6402
6403
8751
6405
2659
5117
6408
6409
2167
1430
7163
4299
8217
6415
3567
6417
6418
6419
6420
6421
6422
6423
9383
6425
3628
5232
5533
6429
6430
6431
6432
6433
6144
6435
6436
507
7052
6439
6440
6441
4790
3363
6444
2883
6446
6447
1476
546
6450
6451
4459
3459
6454
8920
6456
5695
3971
1474
6460
6918
4134
1095
2526
9318
9027
6013
3106
3506
2192
6238
8284
3051
910
8182
7808
7665
1437
701
4782
6481
7330
6483
6484
6485
3417
6487
6975
6489
4135
6491
6492
4244
6494
6495
6496
6497
8503
6499
1251
3265
6502
3547
6504
6505
7271
9722
1666
4810
6510
4
6512
5737
6514
6515
5838
6360
6518
7010
2837
6521
53
6000
4250
6801
6526
6527
7220
5720
9658
25
6532
6533
6534
2991
5456
7867
5155
4422
7294
6541
5528
6543
6271
6545
6546
6547
3626
7751
3960
9844
5191
6194
531
6411
1466
2118
839
4973
8691
8384
5997
6563
6564
6565
3313
2415
6568
2263
6570
6939
5749
6573
6574
9741
6576
6577
8947
6579
6580
238
6582
5595
6584
6585
1694
6587
5418
1239
5123
6591
3835
6593
2395
6595
6222
1635
6598
6599
6600
6601
1005
3654
9772
7043
6606
7318
6608
6609
6610
992
6612
3378
7940
6615
6616
2182
5618
5379
9763
3091
6622
7190
6624
535
6626
6627
8886
5057
6434
3870
91
153
6634
6635
6636
4735
1643
8993
6640
6641
6642
6643
6644
369
1352
6647
6648
1636
4075
111
4746
6653
5373
6655
5287
4128
6980
1826
6637
6661
3758
6663
8367
6665
6666
6667
2329
6669
61
6671
4175
118
9358
6675
6676
100
4362
6679
6134
6681
8725
4865
6684
2122
6686
6687
6949
3110
1507
4373
6692
6693
6694
6695
2032
2432
9215
1213
6700
4636
1368
3653
8232
6705
6706
565
6708
6709
6710
3289
6712
1228
2978
8829
6716
6717
4969
2430
4912
7549
6722
6723
6724
6725
776
3490
1275
6729
498
6731
8286
4877
6734
6735
6736
1862
8017
6739
6740
4571
6185
9272
7791
9117
2227
6747
6748
1081
6750
7380
2962
6789
6936
6755
8917
6757
6855
6759
8547
4119
6762
5273
6764
2885
6173
388
9051
6769
9116
4344
6772
9288
7346
6775
6776
9735
6778
1770
6140
6781
4231
5778
8459
5340
454
4398
8101
6753
6790
6791
8740
9520
9127
6795
8867
6442
6794
6799
6800
2939
6802
6803
2928
6805
1418
269
1131
7534
7888
6860
3245
6813
5616
6815
1610
7516
8651
7919
6632
7472
1594
8504
1821
3560
1376
3959
6828
6829
1973
6831
6832
6833
8858
4328
6836
9737
869
9144
5218
6841
1965
7683
6243
6845
6846
6847
6848
978
6893
6851
30
6853
9809
3944
2827
557
7859
2742
6275
1677
6862
4625
8479
6865
6866
6509
326
8143
7851
1978
6983
4271
6874
8166
6876
1066
8426
3650
3424
893
1631
7889
6884
5119
8456
6887
6888
6889
7198
1325
9893
2983
6894
3941
5079
6207
6898
3805
6900
6901
5966
6903
1605
9865
4899
6907
2708
6909
887
6911
6912
1446
9700
2493
7147
6611
6625
9003
4086
6921
1455
6923
1647
6925
2442
6927
3497
6929
6930
112
777
6933
6934
6935
6754
3494
1975
2241
5321
2616
7613
6943
6843
8413
6946
6947
7537
8528
9265
3886
415
6953
4819
4141
8191
6957
2381
3913
6960
1515
8678
9923
4725
6965
6966
6967
5670
6969
6970
7667
6972
2079
773
8603
6976
145
1361
167
4025
1132
6982
9538
8763
4015
7420
6987
6988
6989
6990
3046
169
3178
6994
5226
6996
3495
6646
6999
7000
2975
7002
1980
4367
8408
7006
1293
9525
6327
1083
7011
4702
6880
7014
9363
5066
7017
7018
854
1180
2733
2378
7023
5742
7025
7026
7027
549
3523
6944
7031
7032
9200
8254
7035
425
5500
2117
4389
2465
4540
7042
4370
7044
7045
7046
5688
632
940
7050
7051
6438
4490
7054
7055
241
9252
7058
9290
9378
4530
7439
7531
6457
7797
1075
2027
2566
847
7070
7071
8070
8784
7074
7195
7845
3873
7548
493
5708
8519
7082
2502
1175
3828
7086
8089
8343
7276
5571
2866
4532
8709
7094
7095
7096
9427
9458
5927
4934
3219
7916
9529
4369
5150
7106
7107
7108
665
7110
4590
8192
7113
7114
7115
477
6633
4348
7119
7120
9694
7122
7123
7124
5826
123
8026
7128
7129
4915
2090
9786
3741
8607
5495
7972
9825
7138
7139
6171
7141
7142
1834
7144
8544
7146
7511
3813
4737
7150
7151
3079
7153
7154
2398
8904
5725
7158
1487
5535
2949
4376
418
9086
1367
5901
7167
7168
8710
9745
7171
7172
7173
7174
7175
3909
7177
2839
9991
7180
7181
7182
6098
3559
7185
1774
9941
7188
7189
6697
7191
2527
7193
7194
7075
6251
9395
1060
7199
2366
4181
7202
672
2141
5780
2589
7201
5403
5350
7210
7211
7212
8932
5492
1983
7136
9216
5200
7219
1011
2226
4886
285
7224
7225
7226
6053
5696
9840
5493
7064
2601
7233
7866
7235
9402
5253
7238
8158
2092
9128
2365
1767
1119
4157
7246
3425
2152
7249
8827
7251
7252
7253
2218
7734
6141
7382
9472
298
7260
7261
357
7263
4130
3838
7266
2077
2610
5672
7270
8097
7272
7273
9953
706
8333
7499
7278
7938
7282
7281
1264
411
7284
5619
3795
7254
8246
7562
437
7291
7292
9367
192
6792
7659
1513
5646
7111
9271
7301
291
7303
6349
1698
7306
7515
7295
6956
7573
2274
9017
8028
5704
6899
7550
9093
6607
5400
9337
3449
7322
7323
1491
7325
8359
6082
7328
2532
8356
7331
7332
7333
1135
7314
7336
7337
4335
6555
7340
8279
3542
8510
7978
2268
4784
7347
3135
2328
456
2125
7352
7353
7354
7507
5976
7268
7358
7359
5314
7361
7362
7391
2336
2427
9540
7367
7368
7369
7370
7371
7410
2120
7374
2294
7376
7377
1048
7379
6751
2123
8654
8487
8159
7385
3832
7387
1125
8796
7390
7363
3833
7393
7394
9305
7396
9898
9498
9832
7400
8896
7402
3201
7404
4574
6371
7407
7408
1017
7372
7411
8595
5645
6827
7415
7416
165
990
5421
6986
7421
1461
7423
8129
7425
7426
8266
7428
7429
7430
3875
7432
9410
9576
3151
4251
7437
7438
5814
6558
7441
5908
7443
7444
3286
7446
7447
1742
7449
106
876
7452
3819
7454
6915
9870
9229
7458
7459
3860
7461
4600
7463
6365
2224
7466
7467
7468
8716
5844
2803
631
2547
4058
7475
3367
7477
7028
7099
4720
289
6245
5082
3515
6426
6689
81
6849
694
4381
2409
7492
7493
7494
5885
7496
2687
7498
195
9777
7501
7502
7503
7504
3215
7506
4448
898
7509
7510
6916
7512
8315
110
7216
5526
7517
8578
7519
7760
1776
815
7523
5801
7525
7526
7527
7528
1442
7530
7063
3821
7533
6809
3604
9698
79
2456
607
1435
3414
1917
7543
8325
7545
7546
9434
2335
4546
1989
7551
7991
7553
6652
239
7556
6176
3018
7559
1291
593
7305
8552
2074
8303
667
3747
2788
7569
5148
465
148
2479
779
3092
7576
1143
7578
9107
2083
7581
7582
589
3940
7585
7586
8324
2406
4711
1023
4794
7406
7593
4669
7595
5681
2116
7598
9894
9137
7601
7602
7603
7604
2915
9401
5563
929
7609
520
7611
7612
3035
6490
3737
7616
7767
2468
7619
7620
8582
7622
6961
7624
4339
7626
7627
5122
7298
7630
7631
7632
2434
466
8723
7636
7637
4637
6560
7640
7641
7642
2447
7644
7645
7646
7647
3518
7649
3634
7651
7652
5293
7654
1221
7656
3879
7418
7788
7660
8600
7662
8078
7664
6477
7666
4067
3674
7125
7670
9649
9166
6920
7674
7675
5407
4288
3551
5986
7680
9167
7682
7022
7290
4624
7686
7687
7688
4302
8708
2380
1480
1365
1822
5075
8635
7697
1077
4543
7700
7701
7702
1964
7704
7705
1088
7707
9789
7709
7710
7711
7712
7713
69
7715
3890
7717
4921
7719
7720
2417
6087
9986
6810
7725
7726
7727
2213
7929
1206
7731
7732
6623
6362
7735
532
3806
1432
5180
7740
8157
8688
7743
7744
9063
7746
7747
7748
339
9092
4044
7752
7753
5831
7755
9467
3589
7758
7223
7520
3509
7762
7763
7764
4006
7766
4997
3802
7769
6269
7771
1901
3640
5106
7775
307
8901
1410
7248
1317
7781
7782
9332
7105
7785
7786
3527
9853
7883
3912
983
2181
7793
7794
3392
7796
2923
2102
2816
8736
7801
172
9638
8847
2551
7806
6246
9526
1819
7810
4462
7812
5176
8022
7815
7816
2217
7818
8371
993
5179
935
7823
7824
5633
7826
7827
3422
7118
1654
1230
7832
7833
7834
8054
6364
9718
8897
7839
7840
1107
7842
1688
7844
7308
7480
7847
1237
9360
4911
6298
7852
3798
1073
2136
7911
7857
9707
329
948
244
2352
594
7864
1853
4558
628
7868
7869
7870
6756
2598
7873
2781
7875
3548
4262
8649
7879
7880
5658
2275
3609
5758
1112
1281
7887
9881
3786
5041
23
7892
7893
77
7984
5441
7897
7898
7899
7900
2109
3209
9971
7904
7905
1946
9582
7908
1411
1511
2514
7102
7913
7914
7915
378
7159
7784
6819
7920
439
4050
8670
5877
7925
7926
7927
3588
8898
7930
7931
4326
8036
7934
7935
4776
3489
8583
2625
1105
3008
1222
3463
7944
8944
4542
7947
155
4029
7950
1495
7215
2910
7954
7955
5525
8718
54
3646
7960
1152
7962
7386
5559
7965
7966
133
4582
7969
8419
6323
7307
7973
7974
7975
1395
581
2588
4859
3600
7981
3772
7983
7895
4242
7986
2703
7988
7989
8876
1405
7992
1008
9966
7995
7996
7997
9886
7999
4990
9749
4200
8003
7355
8005
8006
8562
8008
8009
7658
5168
8012
8013
8014
8015
8016
6738
8345
1193
8020
8021
7814
6826
8024
8025
641
8027
9226
8029
8030
2765
4190
4487
8034
8035
6575
3778
8038
8039
8040
8041
9627
3172
7140
9209
7571
8047
8048
8412
8050
7696
8052
3927
7835
8055
4957
8398
1796
6746
7554
2260
8062
8664
8064
7062
8864
4751
2289
6869
7072
8071
7311
8073
6984
5156
9174
7557
7663
8163
8080
8081
5934
4740
4823
8085
1718
8087
4049
5158
5930
6397
8092
8818
2254
8095
8096
7849
8668
2464
8100
6788
8102
8103
8104
8105
8106
8107
8108
7522
8572
8111
8112
5853
8991
1159
8605
8117
8118
8119
8120
8121
8122
7951
7389
5520
8126
9153
4046
7424
7399
4529
8132
612
7287
5494
5956
8137
807
8987
8140
8141
9792
7807
5024
3934
798
7945
3659
8149
8150
8245
2649
4789
8154
717
8156
5137
7239
7384
3301
8161
8162
6132
9470
8165
3656
8167
1895
8169
2911
8171
319
7878
1215
985
5539
3304
8178
8179
8180
9422
2482
5174
1649
8185
754
7465
8188
2238
1462
7309
5648
8845
4385
5546
1469
8197
8837
6501
8200
8201
6476
1969
8204
8205
3957
8207
8208
5381
1651
3246
3746
3956
3534
2189
4756
510
1806
8219
4554
8221
8296
8223
9796
912
4976
6126
8228
8229
8230
8231
7910
8233
4436
8235
8236
394
8238
8239
8240
7302
8242
9064
3287
7594
8515
8247
1044
4575
8250
8251
8058
8253
766
3555
2829
8257
8258
1955
8260
3735
8262
8298
9688
8265
8439
8267
8268
8269
8270
445
4505
8273
6050
2005
5356
9176
5329
3796
8280
3804
453
8283
1019
4173
6732
8287
4284
8289
3184
5507
8292
8293
2286
8295
4291
8297
7778
6572
8300
8301
8302
3878
8304
8305
4942
8307
8308
4649
8310
1178
563
5451
8314
7513
714
6500
7490
8319
7841
3262
8322
2457
5233
7544
556
5657
8940
4713
2165
5748
8332
2389
8334
6540
8336
8337
690
6948
8340
8341
8342
8807
8344
6877
7657
8347
8348
6156
8350
5854
8352
1423
5342
8355
6482
8357
205
9464
8360
8361
2061
1218
8364
8365
9438
6664
8368
9846
4619
8045
2185
8496
8374
8375
1203
8377
5791
8379
8380
9239
7759
8383
4411
8385
8979
2175
9969
8389
3366
7145
5291
4759
8394
8395
8396
363
4763
8399
8400
6932
9507
9982
8195
6449
7488
8407
6452
7277
8410
8411
8372
438
4854
8415
2622
9733
8418
4023
3455
8792
2763
9680
8424
3779
5612
8427
5046
1400
8430
8431
8432
8433
8434
8435
1211
8437
6463
7427
2897
916
8442
8443
782
8445
1458
8447
989
8449
8450
4770
8452
8453
1381
8455
8130
314
8458
8948
8460
4396
4171
8463
8464
9675
7375
803
1591
8469
4926
2283
9976
8473
8474
8475
6940
8477
7083
4894
8480
5794
3150
8483
1650
117
9892
4188
1224
8489
2784
7326
8492
8542
8803
8495
8373
8497
3475
8499
939
8501
468
6861
9179
8505
8506
2431
8508
8614
6175
4225
3386
8513
7749
9556
8516
8517
5686
6931
7481
7761
5628
8523
5549
7982
8526
8527
8738
4734
719
6148
2901
8839
1434
2342
8536
8537
8538
3007
4395
2950
4260
2011
3441
8545
8546
174
8548
2806
7218
8848
9033
3360
1311
8555
6107
4983
8558
5715
8621
8561
8685
2358
2235
4992
568
8567
9476
3118
6594
7395
1115
4108
6213
5602
5763
4981
2270
8579
4239
6718
9350
2999
1173
9483
93
9557
9830
669
6670
1310
1852
8593
8594
5740
8596
9387
8598
8599
5655
8601
3139
3094
6112
1565
8606
7134
8608
4621
8610
6120
5347
8613
7565
6733
8616
6091
8618
1639
8620
480
8404
1869
2811
6811
8626
3582
8000
2732
4100
8199
9023
786
8672
5668
8636
8637
1338
3593
4632
8641
4353
6046
3146
6310
8646
8647
8648
9942
8650
8113
8652
1098
3345
8059
1669
8657
8658
8659
8660
9050
206
9080
576
8665
3546
8937
7757
179
2877
7937
8634
3765
8674
5220
8676
5912
6962
8679
4729
9424
381
3045
691
1996
8686
7403
7742
8689
2549
7639
4642
3580
9902
8695
8722
8697
8698
8699
8700
1814
8702
4457
9901
8705
5703
6210
5252
2599
6937
1386
8712
5368
8714
8715
7469
3660
5016
8719
650
8721
9159
9820
9286
5723
8726
9974
9985
8729
8730
6856
5566
8733
8734
4862
3080
8737
6688
8739
8625
9450
177
1488
8744
8745
7258
1836
225
5161
194
810
8752
8753
5398
4537
858
8144
1121
7040
8760
8761
1889
8662
673
9242
8766
8767
8768
8769
8770
8771
1810
8773
8774
8775
3692
1674
5792
8779
2634
8781
8782
624
5515
7329
529
2014
3181
8789
1253
8791
9362
8793
4492
8795
1299
8797
332
4806
8800
5923
8802
9536
3403
57
9343
7088
8808
7865
1928
8811
7495
4703
3157
8815
3461
8817
2869
5294
186
6830
6945
6002
8824
9835
9506
2163
5422
486
3730
9573
8832
8833
8834
8835
6391
3496
8838
8533
8840
5396
9152
2143
8844
5918
8846
3936
2160
9193
389
4788
4104
8853
8854
5536
8856
8857
566
870
2571
3709
5040
4218
8066
3284
8866
7259
3016
8869
6707
4442
9096
8873
1074
9156
539
8877
6154
8879
8880
9303
8882
4951
97
6155
4924
2257
8888
2881
9067
8891
3789
5702
3865
6649
8565
5015
5003
4122
8900
7777
3395
1015
7156
7552
2157
8907
8908
1478
8910
5644
1265
1246
8914
8915
9074
7345
2637
6164
6455
8921
485
8923
8924
4638
2187
5699
7614
8929
8930
8931
7213
8933
797
8935
8936
8667
7685
3643
8328
3618
8819
8943
6796
9816
8946
7230
6550
7718
8950
7247
2135
5128
8954
8955
9704
321
8958
8959
8960
8961
2953
8963
7894
436
7231
5285
6842
4744
4197
9719
8972
3129
8974
3824
9513
502
8978
2840
8980
8981
8982
8983
8323
8985
8986
1195
8988
1286
8990
9815
1972
7946
8994
8995
8124
1561
8998
4001
9000
7489
6383
6919
9280
9005
7890
9007
7588
9009
4686
2678
7723
8560
9014
2069
5965
7312
9710
9019
9020
3773
9022
7433
5010
9025
9026
5328
6413
9029
4722
1629
4562
9405
9034
1886
3707
9037
2179
9039
9705
1555
2956
5225
8033
9045
9046
9047
9048
9049
8661
6768
9052
2823
9054
8756
1878
8019
9058
9059
9060
9061
9062
2893
8018
7342
9066
3100
9068
588
8849
9071
9072
9073
2936
9075
8181
3336
9078
2161
1945
7605
9324
9083
5629
9085
5395
6562
9088
4469
6767
4330
2955
7317
9094
3748
8872
5359
9098
9099
9100
9219
9102
1247
2777
9105
6205
1830
2710
4087
9110
8673
1809
9113
3665
2054
2194
5691
9118
1823
9120
9121
9122
9123
5043
9125
2082
5751
5045
9301
9130
1781
9132
9133
4043
9135
284
7600
9473
737
2086
9141
5178
7693
6816
9145
2716
7863
9618
6399
9150
9151
1723
9776
2124
2787
1129
9328
9158
1481
9160
9523
6378
5759
7822
9165
7672
7681
5389
4956
9170
8485
9172
919
3769
591
1416
1162
1569
6979
6559
9181
2681
2711
8893
3630
9186
9187
9188
1295
1660
6385
2088
8422
2372
3655
9196
2209
8401
9199
7033
9201
3437
4757
2453
9205
9206
3811
9208
6287
1532
9211
692
9633
8065
7589
8502
5910
1059
6100
9220
9221
6741
9223
9224
9225
1941
2820
1174
7457
3787
7341
4622
5305
9234
1986
9236
9237
9238
8381
5837
3840
2586
3065
9244
7854
1110
9247
35
9249
1813
9251
7057
9253
9254
2321
9256
3545
7143
988
9260
9261
9262
9263
6183
7442
9266
9267
7555
9218
9270
352
6743
5086
9274
9275
2850
9277
6749
2190
4678
127
9282
2386
8836
1422
5833
842
6773
5264
3955
3510
9292
9293
1032
1721
4970
6690
3896
2517
9300
3817
9302
4835
9304
7445
2298
1892
3356
5245
9310
9311
3058
9313
9314
6226
9316
5728
4153
2184
4852
3740
7007
3030
9163
9325
8491
6108
327
9329
5866
626
4984
9333
6478
354
9139
6231
9338
9339
5757
1961
9342
8806
4674
9345
9346
429
3351
8194
5880
9351
9352
767
1785
1906
8543
9357
8067
9359
3962
5772
3064
8128
7671
4083
1982
9996
2636
9369
3107
5478
377
9373
9374
9375
1798
9377
7060
9379
7366
2309
9382
3445
9384
9594
3302
9773
9388
9389
9390
9391
4194
5864
9394
1697
7924
9397
8586
1120
9400
5107
6472
4079
9404
4786
9406
7130
9408
9409
5504
9850
4813
1238
3729
9415
9416
9417
9418
4661
9420
4463
3508
9423
8681
9425
4882
4252
9428
6658
9430
9431
9432
1499
6069
9435
9436
2186
4416
9439
1441
9441
9442
2778
8428
9445
9446
9447
9448
7540
9781
2031
7356
6110
9454
9455
9456
9457
4954
6465
9460
9461
273
9463
8259
9465
9466
6537
9468
204
6581
9471
8746
5301
5962
3592
8568
7155
9478
8841
9480
9481
9482
8585
8786
9485
5374
9487
5090
1489
8275
6345
9492
9493
2420
8581
4249
9497
7398
9499
6508
9501
5135
5272
1645
9505
1227
5978
9508
9509
9510
6401
9512
228
2338
9515
6536
5412
3067
1063
6793
9521
4116
9161
6838
7008
8252
2156
2670
4123
9530
9531
302
6022
9534
4716
8494
9537
1968
9539
8728
9541
9542
5358
6824
4365
6871
9547
4802
9549
8114
1298
697
9553
9554
2363
9887
4394
725
9559
9560
687
9562
3854
9564
9565
1573
9567
6007
792
503
2750
2704
5063
9574
9575
7162
1359
7257
9579
8692
9079
7907
3781
8321
9585
3268
9587
6974
7392
9590
9977
9592
9593
5055
5476
5836
2814
9598
9599
2505
6340
1585
9603
6268
1540
3937
3198
9608
6034
9610
9611
9516
9613
5996
6361
4258
9617
200
385
1620
9621
9622
1854
9624
1521
862
5163
8002
9629
8556
3362
9632
9213
9634
9269
9636
1259
5093
6076
2439
9038
9642
9643
9644
9645
9646
9647
6872
2455
9650
9651
9652
6758
9654
9655
9656
3715
7678
9659
5933
4555
6519
9663
9664
9665
9666
5990
9668
9842
9670
7676
9672
1408
9674
7741
9676
9677
3388
4349
6136
9681
2130
9683
9878
3394
6104
6839
1579
9689
9690
9691
9692
9693
8042
654
729
9697
7360
3127
484
9701
9702
9703
8956
9601
5899
8386
6995
1393
811
4798
676
3895
1711
1087
1705
9717
290
8971
2247
6678
4698
6201
9724
3558
9726
4949
9728
9494
1580
8639
2690
8472
9734
6777
5455
6837
8902
1833
2394
7933
1498
8906
9744
7628
9746
1000
9748
9115
9750
1907
9752
9753
6131
9755
986
3364
9758
9759
4837
1
9762
1150
9764
5845
5394
2695
9768
9769
9770
9970
3561
6088
9774
9775
380
7500
9778
3754
6232
8741
9787
9849
9784
9785
849
9782
6206
7708
9790
9791
1575
9793
2064
9795
8984
4646
8362
8997
9800
4908
9802
9803
4103
9805
9806
9807
9808
343
7805
3763
9812
9813
2638
3539
8945
9817
9818
8216
8530
9821
2689
1920
2173
2728
9826
9827
3997
9829
8588
6373
610
9833
2158
6744
9836
9837
3324
3412
6008
6656
7855
8949
2753
9845
9101
9847
9848
5540
6102
4109
9852
3543
9854
918
9856
3598
873
9859
2180
9626
9862
9863
9864
796
8938
9867
9868
9869
2671
9871
443
5023
2085
8557
9876
9877
9684
9879
1165
7724
1534
7133
9884
9885
747
1616
9888
9889
9890
9891
3695
5068
412
2641
9896
9897
678
9899
9900
7455
8694
6480
7256
9905
9906
6613
9908
9909
9910
9911
7853
9913
240
9915
9504
680
9918
9919
9983
1261
1384
2818
1257
6196
9926
1587
9928
1559
1141
6506
9932
243
9934
3963
9936
3533
9938
1040
2951
3427
8173
9943
9944
9365
7918
9947
2458
9949
8580
4143
9952
1425
9954
8925
9956
7061
9958
5577
9960
4248
5322
4468
8905
9965
2445
9967
925
8388
2418
3443
9972
9973
8727
9975
1161
3619
9978
136
9980
9981
6230
450
5114
6332
7121
9987
9988
9989
6807
8209
3165
9993
6366
956
7293
3154
9548
9999
