10000
7859
9874
679
6823
9626
6733
9798
2828
359
7158
8412
7435
4028
2681
7163
1428
2677
7928
8640
5751
8099
8494
6651
5817
7345
5287
5850
809
70
4142
179
8579
3105
1184
8508
1379
5229
4658
783
4196
1605
3805
6336
948
7092
3742
2796
2942
9119
8416
8967
3232
7586
9887
250
9296
4884
4539
7876
160
4210
522
214
6046
3113
6162
8072
5598
7564
2864
635
7398
1078
731
415
2518
4105
7662
3088
551
5480
9769
3242
323
7075
6252
5769
3392
9512
8505
7406
6514
564
4176
7898
2127
8252
4255
2727
878
4537
7759
3768
7547
7493
9668
9755
3186
6058
5481
7155
4549
2968
7514
9203
3865
9974
8553
8516
9681
9606
4435
7387
5071
5783
1503
8294
3899
7188
1398
4601
5249
4462
6617
2059
1155
7937
530
8468
8261
8349
5211
7682
8442
5666
4173
5226
4398
5637
1972
901
3755
4461
7692
9011
9662
5916
6719
6346
927
15
8354
1469
2730
4002
7116
5956
708
7467
365
9300
4582
1650
3908
3302
5865
7304
1647
9962
1510
7207
2719
6830
3501
8179
7237
8747
165
7180
4024
2763
1504
66
4650
8928
5051
5667
7232
1684
8501
789
8515
112
2853
8866
7899
5263
5735
6461
2630
2892
6067
7750
7460
9594
6968
3280
2095
8767
275
2473
9501
6531
5839
7148
5895
3939
8964
4866
2704
2254
1347
4569
3667
8098
4550
9999
6755
9719
1217
9632
6640
6116
6366
5354
6063
1724
7240
2616
6844
9591
6136
3610
7007
3079
7562
1302
4125
8952
67
6836
7187
2005
253
9334
7027
3728
1923
7263
1375
7181
6937
3107
4916
2477
9779
7955
3165
68
1100
6711
6912
6882
9597
6285
5014
5432
3566
5302
6494
9191
5802
8671
8842
3934
6299
6957
898
82
6119
6434
4164
2052
6010
3455
9492
9548
8307
395
9382
5578
9251
172
84
8287
2995
1290
5709
2400
7744
2336
7842
7349
8109
2504
3376
7856
6870
5689
329
8441
4045
5250
85
6304
9439
566
2879
9766
5055
1750
7455
4516
9627
6345
9623
5927
5344
5869
1127
3437
4606
7707
4114
6426
163
7805
8346
1325
6078
7503
3852
899
467
605
2008
5676
9776
9748
3265
5658
6009
9728
3621
1694
3740
5183
3520
4623
3585
2949
3715
6813
9286
546
6654
2745
2399
3276
7226
4033
8217
1675
1690
6949
8061
7626
5845
2468
4328
1741
461
9053
7364
649
4068
4894
3390
1151
2351
954
7925
9140
49
707
3765
368
377
8156
8283
8826
6055
7567
5668
2909
8907
5886
7529
5898
9329
6443
2621
3509
3955
4890
1352
6196
5829
2210
3359
9771
8038
6600
711
7465
4790
9808
392
1701
937
2826
4756
3966
2672
9319
9572
2237
130
3222
1803
3030
3703
9280
8422
9129
4576
6019
6764
8297
108
5392
4088
8269
6279
5498
4937
5580
8582
1488
1247
4900
2772
6570
3646
7903
3408
1028
9541
5634
2304
3441
261
9600
1288
740
7102
1389
3402
1470
3125
8117
6587
4022
8493
8877
8786
2844
9673
7298
3072
5996
7227
6579
9571
4268
1435
8
7327
9912
4957
9862
9067
5716
5146
785
9764
6322
4313
3287
3981
9367
9655
8119
7288
5251
4528
3109
4305
5920
7287
8382
9850
5891
6759
2714
4264
4782
2961
8053
6663
7578
252
7760
537
2305
4362
976
4098
6970
5152
1768
3969
3541
7875
2938
5840
6817
4216
5184
5101
6732
4648
2048
9900
8905
9395
7223
1281
5824
4270
5619
5887
3810
3698
134
4897
2063
2335
819
48
8903
5937
2427
8597
7895
337
9121
2551
2944
558
311
3275
80
6400
4726
5749
9767
232
4118
7473
1053
8009
6349
1916
224
3875
5428
9722
4636
2483
8551
4770
1175
4921
7013
9112
8478
8690
3067
5694
979
9847
1944
443
7758
4853
6210
2653
9803
5596
6504
2782
6042
6197
6290
5403
3636
5639
6384
1442
4368
6206
7261
2325
5503
8286
8491
799
8961
4997
5778
8836
4832
9440
9106
8785
7639
539
2024
4185
1569
1190
7423
1623
6868
1066
1985
2374
6758
9077
3064
5662
5404
5910
2871
2836
6664
8366
6722
3365
9554
9336
374
8021
4233
685
5770
5922
6032
1704
2593
287
2333
5744
1477
3211
9661
3355
6820
8239
8439
8913
838
2034
5368
4221
3617
2317
2993
3800
2347
4938
9526
1561
1933
1921
8471
1911
4934
8335
173
7427
7318
6831
9103
2271
4283
3774
3330
9327
503
8475
9007
2509
8374
7146
7703
5225
9371
6476
3310
5810
9073
9261
4102
5631
7616
8397
1465
7040
3631
9235
3389
4005
8113
405
6147
646
9145
5998
8820
7687
9179
2273
3210
122
6993
8920
1438
5641
4370
7477
8762
3990
8619
9113
7725
4413
6860
9577
6326
6375
2759
5066
4312
7411
4169
7459
833
652
4655
6768
5747
6718
7710
6073
5737
298
8149
4014
1553
87
4193
7028
2545
3694
1833
5008
35
3888
4751
8088
453
6694
354
5021
6052
9098
9244
6793
3263
1461
847
5651
5847
2031
6108
2047
7084
9752
9592
9004
3603
3743
9546
3649
1857
3606
8860
3270
8573
1493
2937
3816
5128
7724
34
2475
1157
4178
4573
9471
7996
8255
1330
2097
7151
8420
3363
9930
8229
8081
8560
320
1317
579
1010
5909
6178
4285
7597
8908
755
4409
7302
2932
3272
6127
1687
4526
7551
3749
8586
8554
3231
7175
9542
8274
2030
2388
3117
1719
7809
9016
6655
9515
3123
4540
5613
5053
3298
5058
3016
9134
2598
5590
8713
3696
7681
3948
5173
3605
6838
1336
5834
239
1297
2379
2470
2527
8075
7927
436
2747
4244
7615
2804
9170
880
9697
3144
7606
2883
4338
5170
4262
7212
4051
4699
5952
8496
1198
670
2538
1167
6541
8843
2786
6242
4242
8077
3463
117
6363
9052
9629
6783
3053
6866
4209
8881
5023
3545
7505
5507
2126
6810
9437
6170
7923
9182
8761
5059
4633
8245
2505
164
2485
356
5715
1062
5131
2532
7222
3737
8190
5520
4684
4742
4254
268
9710
8943
4416
4918
6814
7664
3548
4161
9946
7142
5393
6634
6342
7556
2060
6631
2620
8384
8285
7907
3759
9080
7127
401
2334
6043
1685
3527
3984
1608
6538
8530
8189
5464
8660
660
1394
4324
5926
2418
1119
8213
5642
8871
2713
608
9811
9248
5041
5389
5416
2467
947
2553
2771
9100
4640
1534
5361
2285
7677
2482
6361
6765
4241
829
9659
4214
2316
497
3978
2889
1067
2703
8436
960
7932
8617
4990
6128
4999
1102
7336
545
964
2079
1377
7306
9494
2925
8688
1596
1340
9488
7965
1044
4436
6385
6243
4446
2960
9706
4403
9569
4159
853
3609
2277
7960
7235
8074
1381
9401
9373
6156
1822
1751
8730
8196
5174
474
2039
8739
5470
4198
2401
1758
9151
2507
9774
4426
6851
7082
8019
4532
1424
7365
7042
9726
8173
9391
3010
4057
9108
570
9916
6280
2755
909
9724
8718
9889
5067
5974
4394
6565
1042
9605
3707
795
7787
5848
4904
7576
6547
2084
4605
842
4670
767
8728
5600
6938
6880
6021
5356
9868
2846
3620
790
7544
7179
1494
9181
601
1886
8207
9482
3386
3963
9020
6343
6625
6018
1894
6605
4246
1242
7150
8024
4732
2617
3840
5296
9369
3864
516
2355
892
238
7161
9821
4744
465
286
8135
8450
4351
2905
8932
1199
3209
8974
5396
7867
355
206
5243
5939
2446
9535
6487
1374
8414
3757
8027
3623
8522
5516
1842
4389
2187
2142
7286
8337
5935
3195
7374
4754
2153
2770
338
2947
3493
2531
5090
7271
5592
7622
6415
8373
4558
955
7711
3006
8312
115
278
7172
9602
744
7987
9275
4889
9128
1284
8386
2571
4448
6606
9345
8206
858
4685
1324
8375
6213
7941
3254
8601
8138
5218
1726
1703
7489
4236
3190
2674
6467
1883
870
3001
624
5609
4458
4197
7334
9131
2649
6035
5126
4009
2217
4434
1982
7496
9304
1305
3443
8878
5033
6574
7391
3895
7383
3686
3097
6920
7993
5381
7642
5298
3153
1584
136
4562
7074
1468
1899
4044
2102
485
7195
6150
6037
560
2203
9843
302
7051
428
5855
7081
8396
886
3256
1806
2793
3849
3975
8769
138
5080
346
2929
7184
3902
5001
3770
8060
2003
7846
6849
215
2469
2748
8419
2491
5136
343
8628
6909
891
1431
8028
8371
4819
2444
4973
500
9033
7
5375
9858
2936
2234
5719
5964
7723
7015
6643
8160
4542
1380
7080
3701
3100
5726
6215
4763
6976
3896
9676
8360
6391
6174
6540
2619
4212
5419
6094
987
9157
7811
7324
7129
3815
7830
2353
5501
8123
1805
3300
6597
9118
5034
1895
5674
24
9082
7200
3035
2946
9931
3511
5796
9314
4812
917
1208
9104
1080
8379
4343
3268
9001
7110
8778
7800
9820
9772
8428
9576
5812
6324
638
4115
9788
3483
8933
8523
1024
8944
3870
895
6373
5530
9947
370
8319
1625
1739
5903
8483
1667
6750
1000
4188
6267
6821
9187
5698
6013
4218
6370
5256
1432
7973
8852
2268
8794
257
9886
8653
342
1237
145
2657
4298
7498
6589
654
3989
1486
3704
5553
7684
2461
9120
6890
8518
8260
1978
9071
7929
8549
6402
1008
4769
3923
7499
4079
3008
340
1030
650
3416
6841
971
7397
733
3553
2753
2776
2290
9323
703
9652
9365
7214
4936
2130
9511
1254
4809
5273
7121
8914
205
9763
1728
7294
6333
8546
3418
6885
6460
691
982
9322
3436
199
4752
1502
7405
498
3031
181
5089
404
384
1225
2533
2314
6720
9050
2051
7953
3581
6721
1218
1793
4433
2742
6493
8303
137
8710
3558
4469
2953
5549
2633
6567
8533
1088
6825
1526
3087
1543
3952
4043
2154
6355
5103
6687
5608
6897
1118
3478
1953
4621
9283
195
5138
5858
3935
6566
6245
4222
7764
9819
5214
5655
9898
5349
3388
459
2398
1517
2105
5198
267
5142
2638
9620
626
3470
8315
8314
8200
81
2513
8797
8613
4317
7242
4373
9364
2693
448
9895
4930
7368
7675
3154
8875
5483
9527
9021
7035
9252
1019
1293
1211
4160
5355
8595
1961
3216
9453
8127
5331
9302
8454
6681
5418
1252
8211
7656
3630
3530
37
4213
400
3449
5652
7032
8014
4509
3789
9642
710
458
9679
6548
7347
9928
272
4741
9781
6896
7501
8292
4427
3761
2239
7341
1353
7766
3465
9281
9574
314
3433
9413
9188
3726
1714
589
2293
499
8780
664
7412
7798
1027
5017
7285
2465
6428
9935
4774
657
4048
8273
7047
1736
2821
3410
9674
3357
3217
1300
7044
4664
4472
2250
7152
6941
535
9879
2286
7897
7079
7442
5611
8480
4772
2413
2211
2025
3915
764
2054
2226
5092
1681
695
2899
1408
3756
1427
1413
8543
2894
2983
8224
7728
1906
9686
2985
9433
9429
8633
4663
5821
4228
9883
2193
9691
3469
6350
4824
2765
3227
211
6693
9861
1946
1673
9915
7659
315
1568
3101
784
6028
5206
6226
716
5950
5200
6658
462
7621
2044
666
4289
20
9617
9185
7099
2257
6105
2769
3114
3134
3422
3502
2272
5602
1969
7018
6223
1979
1090
113
9643
8032
8946
79
2308
8757
8482
1571
8168
6614
8561
3220
8275
7054
1437
4567
1227
4318
7757
8215
8467
1060
6908
229
7548
5924
8134
4585
8078
7363
4546
7864
8402
7279
643
3758
9229
4879
765
2488
1492
2784
3571
8359
7236
3965
2841
8259
3404
2100
5787
7064
7812
7066
3771
1646
8919
1932
5494
6481
3199
5449
249
3405
2381
6202
3133
3060
5868
4994
5024
3401
7605
5957
1527
8703
8247
5854
56
6828
2445
9903
2594
6124
2554
5951
3700
5439
8474
3802
5663
3020
4388
7134
6396
8185
9867
3624
4778
4694
678
4765
1902
41
7885
1734
4972
8529
4456
7546
237
4302
7713
6804
1696
6774
4779
3665
1014
8152
6466
4785
4366
8987
9350
260
8824
6962
557
9040
7170
2570
1203
5217
8517
3160
5255
3490
3044
6622
5070
3172
906
7738
6292
5555
6421
6708
6673
8566
1440
6730
7145
8488
1915
7507
5265
3722
9271
3913
3311
5704
5736
2843
771
4614
5618
3366
2587
2057
158
2145
1244
9277
9178
4692
3127
7782
7344
2337
5268
7270
2498
6898
5342
3185
3182
5654
5788
1189
2297
2996
5482
7443
3017
246
699
8525
7355
7769
6578
1235
9317
1712
1220
5731
7893
6129
2173
8383
4845
9278
7731
5714
8590
7426
6469
3043
6935
128
2101
4766
2555
4306
910
7229
2806
1364
9029
7770
5632
3629
3213
7481
1141
7558
1914
3398
9059
4838
577
8989
4226
373
8781
3316
7718
1146
9205
2279
5807
6515
1917
8193
6141
6320
3738
6512
88
9204
9087
8254
1759
4835
2824
6572
9084
549
9517
8257
6573
4060
6767
2065
2306
4950
1356
3587
4948
7952
8153
6549
5232
3157
8007
5423
4524
9074
7404
2966
6004
2198
524
6671
1172
4243
5451
1144
6869
2781
5790
7858
9650
6316
4616
3374
2798
527
7437
5427
4683
4506
8895
5961
2407
6601
60
460
5189
5467
6394
5844
4451
6645
5699
5728
9786
5010
3909
4064
2809
2141
9961
8296
8253
4075
2015
3237
8658
3364
4760
450
8939
544
7269
5762
3873
1106
2230
9939
169
8956
3118
9704
2251
8244
4679
5162
9968
1752
1976
7057
9301
5554
7797
3059
8962
7325
5993
6787
3601
3957
8889
7293
8157
5567
1874
2027
5500
4272
8326
7350
9403
2514
6780
3951
3054
4046
2480
1391
5841
6577
5606
7045
4200
8784
8719
8443
7164
7839
4287
7611
1378
3012
5203
7789
6886
1631
2216
288
8571
7607
7316
5856
5440
9863
2209
3325
5846
2156
8426
7570
6020
5460
6879
3517
6075
965
565
2300
6620
5792
5040
4865
6120
2827
6623
9917
575
2137
3145
4644
3713
6800
328
1443
8194
4709
4579
2520
550
5673
5786
3702
8498
7253
5477
5315
9008
7652
46
1164
3841
8170
4755
7312
692
3826
2111
8085
8574
8711
9424
1147
8204
398
6613
806
9638
2661
1275
7446
7814
9559
175
8596
1139
7461
6682
4647
3202
5612
7378
7933
9379
218
4768
5885
3660
217
2256
7067
3174
3115
1709
4003
2815
6393
2591
7323
2267
3890
4519
3642
6182
5696
8034
5011
5488
3183
6212
106
5321
8166
5767
5193
9913
6123
8524
9828
5894
7614
1626
6632
4010
7022
7553
1283
3093
12
1342
6418
119
508
6076
7069
725
2795
4722
3119
1499
8484
6506
797
1111
2671
3639
4677
4247
5585
4126
3314
8388
101
6771
1032
8142
3377
8073
6744
1013
4625
6045
2975
7905
2740
2998
758
248
4862
7216
9894
265
1823
8887
4187
6449
8497
8760
7317
1171
855
4828
7980
8005
879
9533
7154
1229
1422
2904
9340
9616
4757
6594
3842
6747
7566
2269
1628
4681
7844
231
8772
9056
6973
1096
4821
7599
8712
9478
7913
8925
2752
9958
8120
2241
8140
6194
6859
992
8465
9682
9255
2873
3488
2706
5537
7491
4253
9826
1841
9217
372
5828
8225
9061
3885
6539
4750
8588
4607
9538
4390
5117
6486
6591
6061
5708
1721
5295
822
8965
5314
71
6214
2628
9213
5318
8862
9911
7417
6630
615
3090
2165
9426
3859
7219
6121
4430
1718
9941
5621
6618
4023
3785
6079
1263
3564
9741
3344
3830
820
9206
690
7100
7796
4291
511
1699
6657
9653
5904
4367
7372
7572
3943
8105
5510
6616
3497
3991
5706
1756
9610
1661
6155
8048
464
2842
4059
9161
299
5161
1420
4331
1593
5244
4958
3046
6986
6647
2235
875
6244
322
9516
3657
2295
3132
1635
6077
8800
6003
3751
4129
3594
6881
5989
9973
3987
2830
8700
6760
5272
3111
5029
5983
7113
4831
7909
8175
6779
5808
6306
3565
8186
1606
3235
9193
8585
7849
6195
5194
2956
180
4192
4323
7775
61
6791
1674
6686
7359
4091
2168
8847
6815
7401
2972
9845
553
3215
2288
9742
9590
839
8953
835
1764
4729
5405
3277
5959
1170
6835
9464
5877
13
3082
9325
1509
1637
5424
6499
8411
2021
4860
1893
9295
8047
3166
1970
9721
903
6535
2669
3009
9667
7988
9085
6492
3508
2484
3495
9245
4477
4468
1938
1491
5305
2516
6065
6125
2948
3546
2980
6666
5522
3598
5056
6511
1995
8000
4379
9223
4773
599
3431
466
6967
1632
2930
6224
5647
712
4952
1250
7330
6098
2816
9750
2970
4122
4259
3593
6889
2997
8504
5799
63
9570
9924
2166
3124
6044
4733
5304
9025
7949
5063
7860
5002
6406
7981
2760
1742
958
2737
3845
6430
823
8544
3595
1304
3690
6474
2452
8228
4284
8923
6981
611
9857
7603
9816
6413
2406
854
6500
7735
7526
9656
2432
3120
4989
1862
7434
5505
4491
4901
1270
317
2091
4274
2061
9778
639
8667
2117
7972
5079
3940
3396
6684
7023
1516
7868
1865
3891
4675
3007
235
3656
146
1819
9824
6582
5514
9549
5401
8514
4225
5800
5347
7950
625
4891
2404
5793
5367
5962
8985
8664
7021
5518
538
300
3693
4269
4959
8672
2072
6433
3862
5366
5020
6650
8520
3525
5776
7863
9645
8807
1905
9977
6368
868
5677
9942
1787
1265
4278
7083
3596
9637
1649
2643
9675
6576
6729
1697
5466
1328
2384
276
8130
2134
1082
8635
9564
6761
8950
3303
5207
3361
3887
7430
1835
6068
7742
2228
9305
4565
4992
6441
5074
7883
7810
8623
8192
7117
5065
836
7475
2726
2186
9835
7762
7534
1775
439
3855
1286
7440
867
4004
9139
1143
8199
3739
7462
613
6241
5804
2739
2042
4596
623
2036
687
3055
6103
3489
1349
1749
5711
1165
1498
3562
7977
2310
5531
5958
5838
8071
7661
4082
8233
5781
8725
7540
4764
193
240
3746
2322
9785
4301
1770
9408
3051
3599
5044
2512
2150
4589
5732
8959
6111
2733
5286
7990
9897
584
2349
4839
9647
9745
5216
9891
9890
3608
2110
7418
5801
3919
155
1779
9270
9422
225
7185
3494
6133
1487
4800
2607
9246
8705
5343
9581
6672
8609
9740
1365
9149
9186
5571
8219
9680
353
8821
83
9136
9406
1660
1957
3348
8850
6484
3409
9099
2651
4720
8463
1919
4442
532
946
3192
5994
1414
2774
4873
2913
7695
9146
7838
4954
7549
4719
27
2190
1927
3015
1604
4183
3782
9287
7940
7719
5849
6301
8408
2348
4438
7400
2845
2132
9677
4452
1710
6423
6050
9415
669
3561
8448
6225
665
3168
8630
7588
3572
7457
2162
5205
3102
7774
588
4966
3528
1392
9372
2805
2858
51
3297
4512
7086
7088
1898
1577
5293
3847
905
945
3857
9607
2670
811
2618
5688
3822
8002
567
5521
6523
9525
6187
772
8203
8390
5000
2120
7438
5241
7747
8752
2896
8651
6955
8008
3507
6351
9976
3194
1186
3567
3066
2414
2803
4892
6168
4629
4011
2863
6797
7247
4649
7005
8676
7073
409
9299
8381
3531
5052
3612
4062
2647
2625
3962
3721
3099
885
4481
284
2219
8745
9981
4381
8569
8169
8804
7914
2149
4346
5125
1168
6985
7497
8353
5648
5431
6149
7003
2006
8968
1105
6096
8982
1279
5383
6033
6404
5852
2860
44
124
6782
2200
2811
3073
845
1513
6753
587
394
6478
2448
7189
9936
3719
8336
7352
5238
2049
289
3476
5857
8263
2416
154
8604
8662
4611
5363
1292
912
2368
1405
4566
9381
6169
2373
6839
3868
2971
2069
3905
4293
7292
6142
270
3590
1545
3434
3823
9062
4300
5650
4738
3378
5076
5963
7284
6145
5495
9343
9621
5538
9243
2170
3650
1907
5636
4513
5130
6444
6181
9759
5557
618
7689
7167
4106
2922
4953
1903
5015
1602
3557
9196
2603
4230
1677
9802
2749
9713
4805
8462
6489
2184
8291
2439
5806
3889
9619
8815
8654
1043
4501
479
95
6900
6284
6227
1084
9633
1107
6742
2182
2857
139
6862
6649
8235
4619
6062
8758
2854
4355
6246
274
2035
7090
5097
1598
9457
1464
1879
2524
4054
1301
7646
8385
8122
3453
455
89
5672
776
7528
4406
8770
2346
8644
3269
6027
9805
8587
1070
6752
5409
2576
8499
2330
4580
96
5026
4280
1958
8988
5385
1341
9993
986
7257
7414
6185
9225
6520
3600
4037
7441
1074
2626
1390
5261
8470
1315
7836
8636
6608
3475
6159
7314
7039
8251
9923
6998
1807
4665
4706
4874
4130
4113
1212
6048
636
7012
4425
5115
4094
7410
4170
3678
5081
4184
487
4715
9219
3582
6455
7982
1838
4420
9290
1054
7112
4912
141
5323
1259
5453
1586
8171
8539
3447
3224
6049
7554
4600
3317
3928
2259
5099
9041
6102
637
406
2266
1245
9462
481
449
279
8057
3339
2567
9294
5946
7921
5707
5114
2437
5489
2492
5109
5601
8272
1930
4487
8605
4026
8087
1897
5135
8429
9814
3071
8782
4748
4984
3399
7466
3921
994
5120
3578
3828
1213
236
102
1966
7862
9331
2578
4042
6667
36
5742
3638
3854
9330
3203
1303
8840
3976
2580
5180
6790
3672
9303
9152
7109
9354
9579
2115
5853
973
8395
6865
526
339
9351
3424
5656
1021
5007
2698
6356
9212
926
6939
6507
3892
8398
8447
9388
9075
908
1860
2540
3995
9806
7975
8893
2327
8437
3498
7683
2260
6756
7331
2372
3412
4657
8627
7951
7530
8755
9884
8692
3775
2375
2934
6217
6176
7649
1538
4410
9765
7490
6238
2245
7114
3262
1765
2183
7655
8325
2204
3289
6374
9458
4013
7008
454
5004
8431
8799
483
5875
932
9410
3589
8006
3384
7635
715
8417
4405
9407
1490
1727
2455
4907
5253
7244
720
989
9851
8851
2315
7162
9012
6656
6580
6353
8309
6475
7264
2992
9758
3717
9356
2159
8172
4505
3897
5468
5756
5990
1520
7781
4837
364
4399
6982
3532
8841
3853
3676
933
5442
1965
9853
8197
5346
7994
1767
1310
9678
7144
4895
2390
5976
3602
2409
3799
791
1587
4903
1385
9292
9109
704
6289
7930
6503
3627
4422
2252
787
9221
8583
4097
8904
213
2609
1280
4740
1448
9256
2411
4464
1521
3464
2116
2801
1197
3772
2542
1049
1103
883
841
6057
4180
3180
9418
2833
6785
1338
1395
4983
1091
9211
3070
1688
310
756
3229
1855
1183
5316
1872
5127
9184
1544
4404
490
8679
5999
5813
3395
8150
8774
9263
6130
8708
7122
8643
6113
9992
4372
4145
1711
1059
9105
8405
2560
7520
1597
7748
8444
9481
9994
2536
8070
9490
1636
7716
8709
597
6995
999
8992
1025
3922
5028
3149
1031
8663
1648
2238
7717
5371
925
5420
1782
7093
3299
4474
9045
572
9970
327
7108
2092
7444
3432
8940
5745
8102
5167
8361
5526
2109
3529
5545
8665
8649
2456
9800
5399
2360
7837
1415
1064
1366
4841
2868
4392
7211
7386
3245
5918
8178
273
109
7890
5729
8345
55
748
8592
1202
9346
7516
3716
655
7215
6311
6530
7740
212
3381
9708
2189
6916
6963
8926
9596
3946
3349
8929
1547
8751
936
5725
8999
7886
4881
2225
3162
6026
7802
656
1332
7779
9733
8013
7992
5627
2318
6376
6690
826
7019
6517
7384
2299
5955
6809
3081
6987
4593
2758
1716
6727
6516
5339
9383
5771
3334
7076
8001
7820
8854
4980
9784
5143
6377
991
6501
1246
953
440
6911
7964
9402
3659
5682
667
7024
6230
1057
7515
1963
7048
9940
3290
5233
3238
7389
4384
9908
5334
2076
8924
6522
4969
1780
8030
8469
8838
8352
5169
9780
7230
1575
2790
7249
5450
3191
6788
3320
2903
4038
3019
852
1484
3103
4887
6154
9421
8656
7829
1426
4993
2924
8248
9907
2298
6229
4256
5873
3089
6848
9425
863
869
8241
1373
7225
3718
2451
332
8749
1361
8299
6218
6887
4697
8677
1216
5454
104
9762
4850
6745
6255
451
8610
0
4337
2819
4211
9815
4092
5814
1722
796
4928
5540
5107
7319
1524
3108
8500
8634
3635
6930
2986
4112
7832
3036
3798
8743
1481
3461
3804
491
3684
5434
9812
8684
4988
4544
9272
4423
1731
6059
5984
7699
6892
4949
7367
3413
6878
3496
7422
2918
7995
8116
8377
6533
5499
723
7119
6392
1942
6340
3142
1114
9855
6166
4687
2988
2590
8449
6689
4864
977
9534
9712
8600
8570
6071
2912
9387
1483
7525
5333
2434
9470
9189
6146
4380
2583
3140
2614
294
2979
8068
5953
9233
8310
2090
5264
5992
8791
9975
4794
7579
8054
1131
1125
475
1508
1840
7087
6254
4833
7945
873
5529
7449
8872
2294
2744
8313
7049
2950
788
6362
5402
7469
2246
2135
5282
6450
5921
7795
3049
5171
6272
5438
2466
6371
2969
6992
7806
1831
5476
2891
3683
4132
1238
176
92
753
1729
6824
7309
6778
3129
4882
7743
6468
31
2258
9523
6603
1112
7819
6964
5625
3720
7333
1989
7001
3387
4131
874
3750
6822
5433
6335
2056
6861
9502
3042
8716
1466
9789
5062
5940
5445
5888
6347
7276
3515
5782
7754
8372
107
492
1480
3505
8507
7663
3730
8783
9321
2443
6726
2426
1463
1201
3958
2103
8090
1668
4504
3820
7697
5012
5320
1056
9328
3451
8531
8369
9153
7126
7004
2654
9658
7709
4947
1621
8542
1881
2078
9692
473
8935
3521
9873
6692
4507
9359
7624
190
5660
2123
74
3429
5069
4224
4704
1532
7879
8080
1843
313
4813
5391
1700
16
8837
2415
2978
3371
2817
3301
2890
7608
8399
8589
4069
2499
5112
4661
2029
2831
7328
5861
9207
3338
7329
2859
9910
1846
4827
523
8955
3607
2067
411
4996
7986
8991
4467
3999
6228
9093
5201
4369
9495
9875
4836
921
821
4134
5760
7827
6453
5721
6554
4167
2547
4229
7746
7817
5039
7137
3304
201
3709
4855
1929
9392
9646
1205
2721
3246
8548
8980
4146
8144
7688
8865
6636
4598
5515
3354
8334
1861
5496
9718
631
1460
9631
8624
5037
6917
5928
330
1241
6479
6448
5822
3244
2732
6367
6239
3894
2685
2151
6314
5153
2265
1035
4924
4450
8188
8729
5202
2989
7356
6382
4383
1885
7633
8835
7630
1152
9877
502
2352
2541
952
5082
1763
7594
8124
2694
9905
4361
8016
9848
3780
9573
980
957
1559
9925
2175
5587
4251
1222
7700
9434
4871
5322
3622
6114
581
9389
8788
5352
627
4523
1345
2695
6876
8079
6204
2453
1560
1249
3832
7046
9423
3362
6615
6665
7948
6754
3747
610
6770
6158
8427
8578
7260
14
3034
9920
431
2144
9791
2526
9979
2478
745
1154
730
5713
1038
3230
6921
5035
9162
6699
7176
1485
9269
6786
2927
6502
489
2767
2495
2916
3155
8641
5842
7565
4943
4668
7254
4556
673
2600
975
2206
7584
8435
3974
1174
5043
4559
1176
6323
4867
1306
204
2939
9701
3821
9144
209
9666
5252
7580
1591
4530
2338
7439
5182
157
6087
9738
6389
7658
3251
7059
5350
1572
9986
2114
2369
2697
4584
1875
534
6709
5975
3394
4047
3959
8067
151
7218
254
6575
4296
871
7910
8304
3996
2471
7585
234
2675
9929
2055
2875
9899
1393
7831
7056
9124
7640
6857
6143
866
773
2191
7629
1954
9333
2221
1501
9839
9871
8963
1557
3002
6555
1367
5312
5862
6106
5815
2525
9715
7792
1766
2405
5791
3158
402
5475
9110
3293
2223
9398
9298
8311
8330
4998
3551
5365
9813
8086
8167
1178
2506
1655
3074
8970
6031
9838
8041
6011
4073
9760
5472
3838
9663
4067
1996
3347
7943
2249
7843
3326
9837
318
6927
4518
5746
2167
3228
2119
7783
7979
2001
3131
3727
445
1313
5981
4529
6442
5213
5577
8004
6407
6525
7984
72
1940
3500
6109
9375
504
8118
412
1029
1656
2750
6271
6296
4659
6303
4541
1909
3783
8139
5798
2089
351
1747
7545
793
4880
1991
2800
562
1935
7708
7502
1255
7111
3438
9553
5597
4238
7413
2865
3914
8040
762
5324
3732
8642
1399
4935
3485
3171
5934
7784
7751
2152
8584
296
4696
5546
2164
25
3907
4215
6424
4548
3860
5388
8506
9539
5830
4795
7915
514
961
9484
7794
1122
7091
1099
3306
4099
3189
5630
621
9957
3705
1289
583
6749
247
6757
1388
1523
1453
8162
9013
3041
682
3880
4604
1732
182
5880
2709
321
8616
8270
9823
5560
7128
7869
7210
5542
9614
1195
5809
2073
7901
4702
4258
383
3283
1998
4555
7667
6369
2319
4345
7535
1272
1191
2463
3460
2012
5982
6965
6420
1409
1821
6563
4303
3652
3480
2394
4202
1386
8685
2574
1282
6871
542
3992
2040
2660
8882
3906
7947
8828
9200
815
2686
5932
1423
5933
407
6294
3028
2880
7888
8727
3047
6015
18
5121
1769
2559
3760
677
7653
5785
2354
6488
7666
9595
6352
5421
2623
4965
2521
6268
3146
7063
4223
5593
7601
1834
8859
5384
7141
750
5960
8262
9520
1825
9332
2326
5398
7313
4603
916
1997
5835
6723
3640
4535
8876
634
6936
6872
8240
8400
8899
4466
4333
379
6542
397
362
8187
8434
3435
4803
2699
168
4888
6940
6191
7436
1771
456
438
5357
9543
5938
9064
1645
3444
7394
8652
1988
2011
4396
5823
357
4248
4926
306
8957
6598
2848
6438
3669
2172
7911
5164
7704
3098
805
3212
1984
705
4415
4156
9665
6775
1011
9743
8874
7874
7852
6439
3712
6702
8668
2907
2128
7308
9466
9377
5230
4708
5832
3788
2180
9361
6731
5145
9796
3644
7954
6735
8148
5291
5968
6269
4775
8035
2278
2611
7807
9567
1061
5794
6852
7934
7124
3776
8901
2023
5851
8184
7595
8938
3677
8125
3979
3647
6829
5511
5313
8742
3156
3038
2856
3699
2823
9693
5512
9966
6725
5042
9164
4031
3543
6007
5372
5119
3370
3335
2037
2457
4158
8691
3930
4058
6586
3839
5697
5227
9376
5986
9842
3045
8707
6288
4586
4349
2058
4007
5825
6388
3285
889
7509
4299
8154
9777
5102
1947
4653
3714
1540
9841
924
5307
1776
2724
8717
2523
4460
1888
7825
7575
4923
4496
2071
5093
5095
861
7105
8556
303
8180
4006
7752
3147
2033
9555
6795
1348
1573
6473
226
7171
1548
3467
2276
8864
928
680
3092
9173
7755
6454
2410
9130
4393
1257
2572
5380
995
1321
5408
9997
1507
4035
9266
7749
3425
2158
7983
8083
505
6593
3549
4181
9507
8344
5210
6988
6996
9079
5995
9757
5739
3912
6425
5727
8137
2479
6740
5905
2287
1158
6562
4767
5563
8607
6521
1433
8844
5780
3971
9107
6607
2549
3648
8805
9154
3535
4275
8776
5502
9337
1261
3674
4859
8986
1639
3196
9236
3876
5378
9491
3234
9137
2667
8853
2018
5158
251
140
2668
9599
4682
7213
6773
3014
4632
389
630
6189
2537
6604
3964
4571
2402
5774
9770
7010
8879
282
8951
9725
8010
1206
2764
9671
6827
5186
1314
4093
1960
3069
5329
1546
6991
9081
7104
9197
8404
3084
2188
3403
5879
2897
4431
2802
6904
1912
8981
1565
8567
950
5317
1478
1150
9834
2725
9634
4758
1077
301
3988
9339
8547
7931
738
6456
506
1652
3259
6843
4314
2788
742
7482
1748
9428
2838
5267
3540
4510
6715
732
316
4617
2321
8485
319
1271
9709
4610
5900
5348
6341
749
3479
3904
3784
5589
5411
7070
281
2711
419
5915
7826
8575
1022
9335
3315
8044
2004
9090
1128
5191
7696
3536
8558
7140
4219
9876
1592
736
9463
978
2840
1439
2877
8681
6338
8927
7300
3533
4365
7970
4220
1811
177
5447
9126
5422
2253
8045
5914
4747
8425
2650
3670
5525
9125
8603
292
3077
4110
4408
4857
4326
8158
9239
9768
8819
9448
8771
7538
571
8606
1849
9254
4502
3554
4455
6641
9787
9565
3611
5284
6704
2263
2646
295
8777
325
5254
6627
5558
4531
230
7777
8562
6697
7643
3178
5967
9509
693
2756
9493
4119
7206
8458
4877
6471
5288
559
9473
7904
9485
308
3733
5373
8277
4034
4412
5435
3407
444
6270
6236
9147
8763
5151
5137
9038
1319
1081
2627
568
7880
5050
1613
7504
1971
7486
4378
9500
3519
4796
7221
9231
7939
4846
5458
7619
8145
4847
6498
2636
4325
7722
9705
1068
5517
9557
4844
33
6221
6358
9088
8195
3013
3878
4286
1194
4070
73
8822
264
1337
4190
6274
9006
2464
9604
8759
3956
8058
3193
3057
1619
2281
533
2994
2016
2720
478
4978
2007
2490
9005
2775
754
9032
3415
4749
9983
1312
2862
9352
9881
9822
4260
7966
4533
1599
1913
6845
5192
7739
3993
2178
4783
663
5818
4927
4656
3643
5019
1339
1058
2421
6066
5110
9456
5702
2043
7568
2954
1215
1079
3058
53
2543
6705
7894
4310
4032
3506
3342
3512
706
131
4940
1887
9194
8129
9856
4951
9257
4473
881
4761
4049
4234
6412
9461
4478
7097
3205
9866
2215
541
417
6030
8062
4786
8906
1925
6777
3795
2339
147
5784
4925
1474
7944
1441
7033
6527
8744
1533
8732
702
4970
8208
7370
8017
1795
6595
9589
8915
3181
6
3324
8112
6571
7278
7182
290
7729
5326
3062
3458
3831
3711
5429
6888
9971
9341
4322
1633
1256
2716
1578
6452
4277
5247
9438
2729
3662
4027
5003
1740
2112
6796
4716
7801
5568
4100
8645
9689
959
2596
7065
2558
747
3901
9560
7623
2662
9580
9348
5248
6334
3526
3723
4206
5576
8734
1698
6954
8911
2081
9247
6405
305
6583
8812
1931
4152
942
2382
5425
6172
8750
4979
2977
1896
751
7463
7563
7488
5
64
595
8669
902
6203
5462
3083
5997
5457
7078
9736
4016
220
2692
7094
3442
8020
1797
7590
7342
5743
7857
4179
5607
2852
7785
8801
2920
8350
2746
3252
7234
8445
4476
4876
3200
8183
3241
8238
800
3352
8151
8432
1859
1817
4825
2380
156
4635
1869
7464
4055
5258
9097
7487
8126
632
8163
7096
9273
3406
7420
7143
7360
6177
2366
2645
5274
5386
1309
6408
4066
8808
4976
2387
3383
5586
2895
1224
4155
1455
4108
6139
4144
5973
5703
6638
4599
8246
7537
3281
1401
1735
2020
100
2140
7887
6282
7877
7727
6348
2588
8693
6952
2423
7961
4137
7448
1416
5720
862
1113
2472
9360
5710
5643
1006
4081
8993
9116
2133
3633
1983
9995
8107
531
4489
3924
5335
8976
6834
3947
5156
9063
9901
9065
1908
7228
9309
7685
1528
9449
7865
222
9310
4834
4194
9892
7737
8136
8861
3763
8753
9474
125
614
7408
1525
9237
8069
6099
227
7645
4493
7823
9793
3136
7517
8110
1145
6670
9561
3487
4804
7373
2356
808
6379
3983
3078
2928
1445
7618
7705
6101
1092
6945
2835
5106
2000
9969
3152
9635
7756
4199
8003
2789
9102
6001
1363
5257
5623
4123
1730
7191
4485
3286
4552
2450
4848
219
6794
4320
8975
8161
4944
4854
8477
2195
488
8464
6275
4029
6414
7204
6662
6874
6505
5930
3570
129
2696
1837
1015
2608
6153
1296
4249
6216
1239
2430
3547
6659
2534
9279
3027
2342
5376
2104
9268
6545
8043
5235
1331
3187
3812
8317
3024
3994
7036
1009
3641
1845
7531
3628
2307
2820
6183
9508
859
3163
4171
1828
4359
5446
6903
4411
5448
426
7726
6354
8535
7267
7671
6171
358
1327
5629
8555
5653
9944
5075
4273
6265
1007
7060
760
1616
1169
6644
9060
99
6675
5977
5219
1980
3597
8621
2712
2358
6313
7041
5387
110
7357
4840
9454
8849
9537
2431
5700
9202
9987
1611
1359
7730
4792
6669
834
8829
4521
4814
846
6041
7450
1663
1452
9717
4713
5691
7985
5486
8977
452
6014
9865
5364
2185
5748
7348
3944
9358
9882
9714
4017
7115
856
5683
6596
477
6093
4232
4240
6104
4401
1609
3729
7289
10
344
2313
1550
7275
7454
2612
8212
4336
1654
6510
5328
8446
6281
9690
2640
1233
2359
3243
3584
1622
8768
1798
2700
5290
5789
850
7358
7492
2885
9400
6378
8896
7246
1333
4407
8855
9031
2032
8572
2419
3745
4172
8638
9115
2731
111
167
5614
3137
5761
890
8618
1052
7582
1847
4822
6959
520
7583
5581
3882
2099
1549
7916
4577
8958
6833
4495
1784
9445
5820
3333
5754
8916
457
6875
1867
3790
3208
2291
8890
2341
3337
7765
493
2096
8857
722
1236
8232
6536
4520
3625
4639
1642
5140
904
8011
3926
5539
4445
3491
1670
4252
5013
6163
5617
2881
8066
3176
5594
591
3343
807
668
200
5199
1792
659
3518
9
6961
4083
2328
7014
1630
4508
7166
5123
3423
653
6863
580
7452
3247
3504
4352
6161
6508
2605
3278
6789
8512
8637
8917
7850
258
105
8809
8972
6286
8678
9232
9420
1182
1600
3663
7912
3372
9349
7322
8456
1048
4347
2655
4479
7522
9114
3417
423
6972
3173
8594
8323
3513
6913
5215
9166
1355
2887
1535
9514
403
2403
4080
6652
3385
2429
4503
2874
5506
3534
8362
2062
5129
6799
5987
9297
1130
2264
582
7376
4615
1073
6208
2552
620
6398
9467
9926
9355
9563
1181
6134
3560
9985
1045
4861
5223
9918
5684
5882
3911
6040
5519
6806
5370
3368
5949
3331
944
185
4208
3682
8234
6609
1892
6016
4292
4642
2861
9648
4734
375
6337
8132
7159
7676
2644
2139
4913
9452
5057
5397
9628
6293
5061
7485
5310
1497
1094
7156
920
4095
9694
1830
2602
3249
2422
1585
2087
9906
6734
223
8696
8357
8736
4545
6184
7816
2673
1614
1346
9003
1226
8704
843
4878
4759
7419
9479
9529
5816
6464
8205
6360
8795
9744
6907
5871
5212
2679
3829
2762
9427
4787
5208
7513
4203
6262
9117
9177
416
7301
956
5755
4725
7881
981
3973
9513
2592
4360
6157
4618
4364
3917
3000
6980
966
4418
8576
3305
6966
6766
7484
1816
4771
2634
8164
4386
9362
5919
7224
2933
7233
1322
1827
9703
4612
7609
1323
6537
245
1941
8231
4128
2900
7393
4377
5027
2847
1818
8897
1715
8316
780
4374
5582
4395
728
6612
350
4724
170
285
4674
5624
4915
9558
8295
5360
9282
7256
9432
3658
4311
1552
897
9293
4257
988
9943
8046
2502
851
7896
6151
6695
3143
6812
2585
3308
713
1506
8655
2529
9315
8101
9015
8376
7873
5437
5484
6070
3358
8846
4354
825
3688
6592
7203
719
6235
943
7833
7835
6867
7732
7050
4977
1134
681
2723
2082
7153
9833
2098
7311
8591
6131
8827
8108
1382
3318
8367
376
65
4382
6832
2882
5944
4295
2935
9226
8867
142
3877
9880
9043
6950
6696
1276
2362
7610
1977
6074
29
363
2194
6934
5166
5278
3970
2192
633
8723
2641
1812
939
5775
6805
9530
3411
3953
7543
3426
6610
3671
7265
1
162
8282
2309
1618
2919
9700
2438
8329
6435
3731
5730
7768
3806
1403
9022
7884
1850
817
6854
7199
7773
9368
1679
4963
9972
4981
9498
4975
606
3382
6302
9289
2565
9654
8675
6928
2396
9068
5811
5113
8934
1396
3141
6089
6081
6883
8756
696
9613
7130
9696
6990
8686
2312
4829
1707
7967
6660
509
8320
8052
9751
2370
6251
1854
9547
9922
7922
6971
5649
4482
864
1344
9945
2026
2822
2573
9869
8733
50
3675
7274
6186
9070
519
2157
8509
9612
727
9870
1285
9609
3614
5765
6381
6192
7190
951
2546
5159
26
5870
121
5941
4039
1294
1223
4667
210
2392
2829
6910
414
8620
7478
7061
5245
2323
8264
9320
2530
2454
5764
1720
1624
4147
6180
9964
6126
3977
2522
8611
3748
6091
5692
5931
3779
4920
4711
1511
1581
2038
4470
387
529
7472
7252
4276
2799
297
3167
6273
2783
828
9540
5276
7125
7133
552
6855
3257
4375
8789
4776
6209
6387
934
1005
9094
189
2544
9782
6776
7340
3653
7721
7326
4174
116
1836
7471
5204
6012
9651
1519
9698
4204
647
8364
3380
3837
4974
3456
574
2689
2528
7194
1232
8433
2707
7613
9397
7052
9545
6247
8378
1530
8131
1651
9409
4486
1580
6260
1400
5572
1968
6422
7399
9521
6397
7670
7882
1200
9009
3375
6261
6088
2832
3328
517
8243
5646
1251
6083
8322
592
2812
4008
5181
4690
8814
2428
672
118
2876
4053
5504
6826
4133
5738
2371
8552
7131
1705
7173
1810
4815
6283
6918
962
5134
5534
4908
4282
3353
1555
2147
5163
5390
1240
2487
4801
1482
4581
968
8114
3793
1539
3866
7815
103
8599
4015
6364
1230
714
4723
3792
3563
9366
1987
4858
307
7205
5289
9058
4371
6602
2577
3050
1746
5444
6463
7889
5535
4121
5595
1384
6416
5338
2243
1055
2728
7058
442
3236
2940
7672
1665
6931
2361
1617
2169
174
8945
9735
9792
7776
6588
9046
9836
6558
6138
698
1576
5583
4135
4971
513
860
9480
39
9982
8318
5837
6278
1419
9023
4429
5479
7651
120
7160
243
9950
8451
4799
6561
1334
1638
6712
9582
6005
8278
4150
3284
5759
8803
6429
1952
5513
4643
1801
8863
4463
4096
5237
6459
3616
5160
1570
3273
1473
9165
629
1757
6047
3329
6200
2395
1397
5478
7669
6427
6160
8302
8176
501
3086
1910
7694
6534
4964
5574
5149
4686
5795
8056
8856
569
7561
675
5139
8290
8527
4654
9746
9066
2289
7734
2301
7848
5551
769
5262
7034
6321
6117
7813
6969
3522
9274
9790
5884
7424
1512
3813
6557
4946
1051
6167
9035
1446
915
8513
6199
5022
6811
6884
3005
5493
4695
8332
548
8380
9378
9807
4186
7011
8237
5327
9550
1033
413
2435
5083
7346
816
7625
9938
5985
6891
7574
6232
6798
4271
4543
19
7132
6188
9933
3282
8625
3116
369
8155
1298
4932
9285
4798
5942
7020
7071
1514
1601
1187
512
8191
2734
6905
1104
4
1083
9443
4514
2855
5036
5685
1761
2624
1278
1717
7591
3736
9603
2148
8948
5863
8177
8806
5049
9864
4919
7002
4678
9394
8966
9795
3980
5492
5843
6956
5185
4793
8370
3937
7447
7320
2738
6556
5991
3903
4061
8831
5359
3110
3942
7542
6002
5078
8834
594
5605
5945
5536
640
1185
4872
2386
4441
8100
3239
9588
1087
6344
1853
4753
8406
684
7569
5912
8249
5705
9092
2397
3446
6978
3618
186
5901
1594
2420
2601
4332
5569
432
1640
6544
8550
2666
9138
8365
3542
1839
3539
28
6738
2794
4525
9505
2965
941
4645
1537
9660
7698
8626
2962
2886
3781
1495
2262
802
4583
7512
9055
8608
5459
6234
7380
7891
4103
5552
9160
1890
1620
3555
4572
9036
2208
4536
7395
9163
2440
7600
352
8165
3226
7691
4307
1117
913
8884
5417
3091
2888
196
5150
8039
1541
8892
2867
555
8457
7337
5283
3294
2064
2780
2163
1762
7962
4551
1412
5893
1123
4127
6137
3032
5722
6233
3011
4267
7366
4624
9799
3321
4437
8421
2118
6309
1109
2797
848
78
4705
2981
216
7335
208
5717
3288
2945
7476
1072
5659
1799
7371
2515
5118
9250
739
8141
9192
2459
794
90
3240
471
9168
7878
4688
1037
2878
8741
8798
9921
1277
3592
8942
2575
9209
2074
6748
8033
429
1603
1689
9264
4040
1815
998
1992
6772
486
7627
9551
6308
911
9215
5826
9860
7283
7840
5240
4227
3985
7407
1429
6629
9657
9963
4680
2155
8284
2943
2171
1901
9904
5452
5319
309
5176
3393
2345
3204
1809
894
5299
4672
2442
3918
2683
5292
6944
683
4807
8811
2902
5599
4138
2344
3477
5680
8051
3400
4982
9444
6447
1026
876
9965
8453
8487
6679
5190
4849
9625
3486
4141
6739
3796
6942
4557
2070
6802
6100
5231
2818
7192
865
2658
1204
4484
221
1343
4602
8969
5664
430
3319
6925
312
8097
5980
4917
6432
5353
2656
3569
6716
2378
77
5890
7510
3135
1311
1065
6024
3126
5259
6674
6372
1012
5902
5018
1536
1772
3052
161
7290
8348
2367
1406
9852
4816
3764
9960
6846
469
3881
3724
3834
6496
7650
1918
2138
3794
4712
7571
5758
1949
2915
5300
8218
9754
2201
5740
4594
9817
4620
8666
269
3741
1824
8557
2244
4863
9347
4319
3851
3445
7138
6140
2952
6190
9893
9749
6926
4638
9998
5936
7280
3872
759
1358
2261
2599
4869
280
9810
5281
4177
6624
7495
1653
4449
6017
371
6410
4071
98
5358
709
8526
6524
2441
1188
882
5297
3150
283
5178
6451
5883
5533
3689
4387
8532
2926
9276
7803
4342
2557
9967
5681
7085
9584
7209
1260
3003
2629
1878
2923
3604
6518
1034
9896
9218
7587
8813
1693
4985
1529
4454
7841
8025
616
97
5712
8147
7946
6569
9459
5084
8403
3773
5098
8979
3391
3340
7518
2678
2248
8921
7043
8258
8680
8766
7106
3972
8545
7266
5645
6205
4534
2751
2906
69
6457
4443
8489
2586
4250
9384
8839
2503
1425
3856
9684
9949
4417
6590
3292
7892
9683
4564
801
5461
5907
2717
7541
1880
5570
5640
585
6220
893
9227
8481
746
7026
378
8577
6769
1129
8738
8726
3095
8873
1713
8387
3139
7068
3188
463
3835
8394
2957
3258
7641
5579
9989
8724
8356
4693
701
1926
7273
1791
8082
361
5085
3523
5923
5303
1708
1950
3264
8639
8689
9210
21
1369
3916
5864
8870
6893
4104
2124
2050
6231
1955
166
7369
8996
5407
8564
8631
3255
7375
382
5768
2584
5275
8103
6529
2424
5009
2377
6165
5866
770
7822
7870
7030
5556
4231
4492
5209
7702
9267
5165
8830
4883
7598
9037
336
4842
4465
671
7198
8748
5562
6257
1871
774
2083
7957
1177
5330
6034
4933
3040
2955
5988
1387
3026
4339
7037
8159
2637
3223
9978
1820
648
872
9885
4265
2757
827
7208
4931
7500
203
4111
52
7135
604
5456
7920
8268
1634
1142
7174
8409
5177
3373
3848
5077
9190
2901
1753
6266
6297
3474
3341
4961
8792
7392
4140
7524
5124
1945
1253
3708
2383
3932
9955
8810
6906
4439
9747
6680
8698
2408
7139
2632
7458
3481
8424
9483
9472
9344
2837
7296
7272
259
3004
5548
9176
6762
484
1774
2284
4087
1702
3933
3068
9158
5144
3076
5491
6743
7935
5803
2898
132
1458
4646
3473
3260
2449
3673
8321
9431
8995
2280
8018
433
2363
3645
7761
1137
5285
1093
2563
8236
3725
6462
7303
3710
7997
178
5490
9587
8538
3379
6395
4626
1826
6086
8182
676
2569
6724
9089
5878
183
3161
3634
5741
326
1723
7834
4166
729
8848
6984
9510
642
7429
4182
1207
8128
399
435
9396
4905
7523
7297
8721
3687
5441
422
3122
8912
2914
2648
4497
7968
6312
4868
7790
814
3312
5260
6933
1444
9846
2779
8358
2664
5197
5559
3588
4153
2010
1214
1036
737
2791
3
5221
8490
1316
1733
4802
7282
4076
4109
6211
3766
5911
5831
233
4906
7382
8089
8012
8037
9639
3833
3021
528
9909
5527
9450
3797
2232
1326
202
94
1421
9291
2708
8622
9497
9039
2869
8418
2688
1329
907
2075
9477
5345
4245
8646
7362
7552
4634
2680
9353
4968
7665
1135
57
9519
1318
1075
8355
271
9711
688
2595
9455
4475
1962
5430
6751
184
4707
6318
2778
9797
8331
4896
6847
8095
3274
380
9030
5154
9672
8650
7533
8832
9404
1004
4117
2766
9956
9753
7258
554
133
1451
207
812
9775
7845
1002
2807
5094
7673
5485
22
32
5805
4703
5497
8324
8793
5111
6038
4574
674
5750
741
9761
2019
3499
9804
3197
3327
6958
7305
6951
3063
5561
9888
1657
1900
8581
4739
5675
6560
58
7031
7062
8472
3104
5565
1994
4348
1136
4052
9566
4107
8598
9047
9739
8817
5523
1370
6470
8559
7217
3492
9465
6472
8413
6975
9230
3250
6551
3148
8909
9238
5271
4205
9265
1243
1069
5054
8740
8714
3439
619
2984
2343
4851
6310
5543
3818
1627
4340
7343
8288
4143
6581
1967
1882
1071
241
8775
6509
7851
4942
8886
5168
4728
9048
5509
6295
2174
2550
4669
6873
8657
2659
8049
7201
6359
3666
8250
9306
3459
970
3931
7281
8133
2196
8994
1725
9399
8495
7506
4001
5723
6036
644
3291
761
2417
4090
4735
9731
1781
5224
9228
9133
8389
661
8333
4788
686
7926
23
7686
2229
4731
4330
8737
4575
8391
4428
4207
7403
9831
7381
6703
1407
480
5465
149
2508
2303
2676
291
7098
2613
4391
7095
2501
9670
3096
5733
7969
4701
8227
1959
6653
7821
9959
3448
4344
2535
6060
8954
2275
8293
2639
9370
4357
1788
3472
5242
3692
2022
6683
6458
341
9258
1574
9702
9259
596
4597
3454
5048
598
7238
7644
6072
1804
2365
5604
6626
658
9069
4628
7277
3591
6691
3037
4139
3632
6064
4554
9585
5188
9141
573
4074
6317
8415
6328
6305
4909
5038
4737
9411
1641
5394
7310
3130
3022
6179
5965
8076
4124
2663
1193
4085
4421
3884
4397
8301
1454
4743
8059
4385
3538
6022
76
2181
7220
3369
9308
2604
8181
6801
3350
1475
3253
5620
8050
2622
617
3691
5455
3803
9688
1800
2085
6526
4261
1268
5971
804
4960
9224
3427
2476
1934
5086
228
1411
6688
9687
7268
983
3846
3941
7871
9801
6979
4613
6332
3552
8715
3808
1180
3094
9641
6546
8065
1121
3786
381
4538
9980
6914
2496
9416
1047
54
4817
4929
7648
1692
8614
803
1266
1993
6639
5541
470
4568
3360
3351
2332
763
9234
9611
578
818
5661
1295
8368
1644
2205
8198
2122
6621
9436
3961
86
3440
4356
2247
3214
9390
7780
3858
2976
6025
2350
662
9499
7299
3960
1778
9057
935
5892
4791
1796
7963
2566
1086
2500
6784
7077
8146
8683
7451
9829
1163
3744
938
1922
3537
1258
7539
8833
3061
5308
4673
2839
11
7654
3945
3128
1951
6264
152
1691
590
8084
8796
8342
408
1471
4281
6513
8764
8266
2652
6491
810
4341
8701
4483
8536
1518
6736
6528
593
5908
3576
6263
6115
6568
4823
518
7123
30
4666
9716
5487
9086
3207
8279
609
2687
1595
5369
6994
1210
5889
5671
1589
6023
9732
540
144
1456
8230
7847
9249
4021
7786
1868
2963
4288
1039
717
1948
1755
9430
1706
2017
2292
9240
3655
5246
8746
3651
2014
9183
6552
9111
9552
1173
3279
7617
9311
8563
5827
2324
8720
5030
7445
6465
6327
2376
5088
3048
8602
9622
918
7636
840
1160
8466
4910
9954
6559
7168
1291
8858
5341
3893
5032
2486
9773
5351
8115
4995
2302
1964
4561
3367
8347
9027
6929
4294
6678
7788
8937
1115
4922
6437
2296
171
8096
1449
1558
5929
4676
8537
4806
8816
4826
2086
8210
3762
3198
6947
5148
1489
7006
4217
5966
8410
5947
6080
1737
792
9624
7900
1870
5622
4400
8687
8222
4089
9024
1790
7999
47
2635
468
5426
9832
4945
3420
2581
6668
6092
1402
735
9783
3580
114
9019
9562
1462
8936
4730
9288
4885
6877
5172
75
9201
1149
1209
5603
2931
1813
194
930
5669
1110
1851
2959
5294
4402
6411
2218
1745
5670
8949
9932
7456
5508
1046
4316
2131
1076
4353
7157
6419
4494
8093
1669
7239
2866
1196
38
6300
3807
8519
6960
9586
5072
9135
9544
8289
3615
1120
4886
5757
8922
6095
8983
421
8706
8779
4595
123
482
7679
2973
3998
2517
9953
127
5073
8029
2510
7250
7251
7560
9242
4084
3170
3261
3920
6943
6219
6642
9951
7958
198
8343
5337
447
7791
3225
5379
2436
1672
263
7120
6763
6997
694
3457
5132
3085
1607
6792
3575
496
4235
3029
6477
2242
5091
7919
3466
8486
4266
6808
4780
9000
6485
5096
9132
2179
3510
1179
6107
2385
6924
6240
7038
1436
3819
5836
5228
5473
3514
9615
7808
7196
3573
6922
4893
2412
9608
6948
9049
6717
6144
5766
2851
7177
4911
9054
2107
7720
9150
1410
9072
5644
7771
5573
192
4447
3929
2
3850
1743
4941
1829
4162
2991
4527
5943
5410
5626
7634
5311
6386
9830
1020
7248
2777
9198
1156
2066
4025
3986
997
1050
1262
6648
1126
7631
3735
1808
8661
824
9844
586
6330
6248
4308
689
8900
7425
6611
724
8351
4777
8695
2743
5753
8754
2320
3568
9685
6409
6173
6490
8461
9854
6899
963
2690
5633
1760
1063
1889
5693
5763
4432
7577
7536
8455
7202
5443
2041
6746
5413
5528
3817
5270
543
1680
2768
4967
1362
4587
9618
4086
1098
9169
6923
9076
1159
940
3968
9937
1876
4991
6222
1234
3619
2735
8984
4020
6331
1116
3574
2548
4631
6853
2177
495
5566
3219
3075
8265
9518
7638
8869
1264
333
5155
1579
7998
8393
9489
888
7183
1873
9475
7918
2773
3421
2094
1863
5382
3248
3679
9446
3824
5532
7186
2489
5881
7991
2364
8104
1615
1939
914
2199
2908
7432
1554
3556
4149
472
9363
5025
5917
5734
5309
4000
1990
7753
3267
331
9532
6090
9664
7647
5060
9017
4898
5969
3925
4189
6858
7178
8528
4136
3033
5859
4116
2009
1097
3577
7241
2785
7165
2568
3206
4590
7409
1671
1542
3484
4012
3309
8773
5116
2227
3138
2705
6446
757
651
6483
9091
2910
2579
9078
9996
2519
7453
7902
5724
1566
3927
5269
2990
6135
7421
6698
1562
2220
2511
2967
7385
4700
1447
2958
9630
1802
5718
9284
5220
9695
8452
5906
9984
5872
3680
5087
2701
7589
7402
5436
5236
2197
4592
5374
1360
8242
5896
2425
2787
3825
5860
1457
4698
2893
1864
277
7431
6637
9374
3516
5471
9827
6029
9593
8978
427
877
8430
5695
7872
4363
9216
9180
8632
4902
9167
700
6837
7628
1981
1228
4499
6564
8682
6714
8648
446
6201
7332
777
6193
6258
5406
266
5412
2013
6707
7959
3430
4041
9412
1162
7674
7799
6051
93
4297
3936
721
9723
8363
366
3769
242
9575
8765
7736
2214
8121
9034
4376
9699
6069
6399
6339
8305
390
3428
7866
4511
8960
7861
1133
5325
7353
9825
9447
1459
5588
2224
1664
9568
6953
515
3654
8440
191
8091
334
9324
5195
984
8300
2231
6440
4547
7557
6118
6816
9460
9840
7107
9556
4736
8629
4578
5954
9598
6983
6112
2481
3734
798
9849
4622
9220
9469
255
4329
1003
5222
3982
4955
7828
7974
4784
3296
3025
7678
7361
4101
7593
8898
9948
2665
7149
6676
1744
1085
1095
7824
4063
4304
6989
5686
6633
3106
5474
9451
5833
9727
919
7793
150
7521
360
5105
8271
4797
7956
4050
8492
1248
8473
6253
4036
244
8022
9649
4168
3184
9010
4163
2684
8787
5550
4714
3637
7259
8722
1738
641
62
6901
5362
9503
1884
1590
6710
1351
293
9531
2615
4263
768
8674
1417
4334
9042
6599
3218
7354
8659
3695
5239
3322
3886
2028
1844
9172
7971
1335
9794
3754
8256
2589
7942
9934
5064
990
3323
4811
8214
7693
1682
4165
6840
8670
4710
5797
972
8673
3356
7136
1368
718
3685
2754
1783
7388
5046
6550
8888
6256
1132
6497
197
9316
8276
9707
476
7315
2808
612
2462
9737
4762
4652
9342
4870
7712
6482
8092
1269
9601
931
4637
7908
6842
9014
8990
3482
974
349
9195
949
9859
3471
2393
9380
8479
996
5948
3811
8281
1041
602
9156
1973
4875
8174
7906
9636
3949
5752
5564
969
7416
4627
8267
6390
3661
5777
8731
6728
8280
2045
5377
4515
9338
1974
4727
3175
9720
7055
1676
1658
1166
4718
7494
7604
4175
4471
4500
3767
1148
8341
3814
1943
1308
607
8298
7555
6685
1161
1479
4065
8880
2202
3997
6445
5414
9312
752
91
7772
8818
5772
884
9988
8055
4820
2715
778
1975
1832
8825
7053
8438
2951
600
8460
4662
8407
4424
262
2113
5277
9468
3397
1138
8973
5610
697
1500
5773
2088
1877
6661
2761
1564
5628
1267
3177
2270
7853
2850
9262
6553
4818
2125
1219
126
7377
7532
7763
6781
410
2460
7620
3809
420
1153
9504
6999
6819
2539
2597
9809
6677
9640
434
7668
5234
1287
1567
7527
6198
9241
4641
188
7118
7733
7483
5415
1563
2691
857
6122
1858
8885
4358
9393
9487
5638
8971
2987
3221
1472
5395
7508
6628
5100
6864
1773
4517
8697
9583
42
5279
6401
830
8423
5615
8209
7468
2080
5469
9101
6329
3468
6380
6646
3613
1659
4072
4671
3777
8910
1357
5133
8694
5147
7016
4237
2884
1848
1695
2561
391
8540
8392
9143
7197
3583
9386
9326
8503
4843
3863
8216
7511
1383
7415
367
6298
2255
622
9578
8511
3056
3910
3414
1016
1643
5047
7592
5340
4956
8534
8223
5972
1089
7321
40
7480
1430
45
844
9990
8997
1231
1418
9878
3271
3151
985
1789
8902
393
3843
5679
8459
7101
7917
2813
4148
8735
3332
9414
9669
929
148
8328
2921
159
561
4056
8580
6056
9123
6619
5575
5867
849
1350
3065
2562
6307
9927
9313
3791
8947
7767
135
2002
1936
5616
8894
4120
7351
1307
9644
6807
2849
8615
8220
9044
4419
2311
4195
3697
7231
3874
4414
9175
6532
7680
7936
521
7169
7581
556
4591
4691
5175
1274
4030
8510
5665
3336
7550
993
8702
5897
8521
3778
4808
4201
1434
781
1001
9260
6803
6856
6237
8883
3550
7338
7690
3954
3626
4488
4717
7255
2340
7072
7706
4856
4962
6325
4781
2283
3586
2718
6495
628
2810
7089
8026
6894
7474
1891
9991
9536
6276
2564
5591
6436
525
1856
5819
7602
5108
2212
6584
1588
2911
9730
6148
5005
2982
3164
2329
7976
6543
8327
6519
3898
9442
2331
4746
2941
7559
1467
8593
1610
734
4480
7479
4490
5179
3879
6919
4290
7428
1476
9914
1556
8339
1354
4810
813
2161
6315
348
7029
8340
2389
7657
7745
8201
547
3179
9405
922
8226
4459
3503
8941
6365
8931
4899
8476
4321
3266
2917
3967
1496
6480
1404
4830
1612
9919
6053
1108
7390
347
1450
8891
9385
2999
6635
6403
3752
1629
5874
4609
7701
425
4563
2722
9155
7396
6818
5584
418
6706
6417
563
6000
7818
5690
8541
4914
4444
9171
5400
536
923
4522
5876
5687
5657
2282
7291
9174
510
2710
4327
9417
7000
5336
1101
143
6974
9199
831
8031
4553
1023
3844
324
4660
1920
6383
5045
1666
7573
3313
494
6357
9122
2160
9214
7433
6006
2233
6085
8568
7193
2129
43
7804
7025
2631
1686
1376
3169
6175
3450
1124
8338
2108
2741
5925
8790
766
9026
6850
3018
2964
7938
3023
8868
4019
59
2433
2814
5913
4078
2497
7989
6250
8802
4191
396
9159
1583
967
2682
4157
9028
3559
8063
3233
8565
5104
9096
2068
9441
8143
3836
4151
1582
1904
1678
1522
5157
1273
4651
9818
9222
7147
304
3681
8845
9208
1794
3938
9307
5068
424
3753
5332
7379
2610
6259
8106
9506
6902
7924
2458
4018
4570
7714
7009
3883
5031
3787
9902
3544
4457
2391
9486
5006
7715
837
2121
9528
6946
8202
7637
1551
2143
437
6008
2825
9524
507
3900
6977
1018
6249
2146
6895
9253
8306
576
6915
3664
1662
4335
4453
7295
5301
6039
153
8823
4939
3524
3579
6152
4630
9142
3668
7243
187
9435
4721
9729
8111
4560
7017
4315
2870
1515
4986
6291
385
3869
1814
1017
8998
4279
3346
6932
8647
9148
7632
2606
1986
4608
3827
7978
4239
335
9083
1683
7854
6319
3452
6741
4987
4498
4689
2207
1999
5544
2176
8308
779
8930
2136
256
5701
6277
1040
8221
1372
8015
4745
9734
1786
6701
900
1852
3039
2556
3295
8918
9419
726
3307
7245
2474
6431
5141
7339
8023
2447
786
1754
6082
7470
9051
9476
7660
2494
8064
1371
2077
2053
7855
2974
9496
9018
3201
5280
7519
5970
2357
4309
3867
441
2493
7741
5635
1192
2274
8612
1140
2046
6207
2834
8401
1505
1866
2236
645
1320
3861
782
9318
1777
2736
8502
1299
5979
386
5187
5678
2213
9872
388
8036
3706
6737
2222
4077
6164
5266
2702
6054
3419
1956
8699
4154
1221
6097
3080
5547
9522
5899
9127
775
6700
6084
9756
2642
2093
3345
6110
5978
3950
5196
2792
6132
8042
9357
3871
7262
3159
4588
345
743
6287
3121
5122
7596
4350
4440
4852
896
2872
5463
3462
6585
1928
7103
2240
5524
1531
9002
6713
7778
7612
3801
2582
9095
5779
8094
4789
9952
603
3112
5306
887
17
832
1785
1937
5016
2106
7307
1924
