1000
356
533
465
13
42
108
800
738
483
932
391
30
406
181
325
517
661
170
203
428
6
948
95
57
480
2
336
647
606
760
302
137
146
47
566
334
115
941
345
993
155
938
512
724
660
204
471
770
614
798
929
519
263
244
424
90
992
153
45
705
107
165
603
599
602
197
534
917
278
556
150
4
225
219
451
987
179
277
152
591
804
173
73
613
999
446
64
978
664
116
125
852
274
415
587
561
248
440
593
894
489
966
174
658
871
702
765
536
171
767
509
559
693
359
151
479
869
291
640
460
215
252
104
752
545
621
310
198
901
810
549
136
634
38
339
439
960
348
8
828
256
386
709
210
54
981
307
148
346
199
0
835
493
121
235
694
781
350
826
550
630
183
207
570
265
877
56
937
182
743
380
395
554
253
283
822
773
776
482
815
319
399
475
982
520
535
214
490
676
37
236
807
991
687
5
965
340
514
541
669
143
890
560
420
126
764
734
117
873
707
476
968
620
363
427
156
457
213
388
149
546
795
400
123
315
623
474
422
771
615
341
232
74
887
501
264
573
413
455
365
766
839
721
266
332
865
11
914
337
691
928
245
899
706
222
497
49
290
544
335
957
68
584
651
23
436
860
893
347
306
523
889
241
443
397
985
930
498
964
983
362
184
366
16
237
1
160
522
797
194
872
567
120
975
619
973
438
679
652
441
239
112
138
32
777
180
221
571
714
172
511
91
728
674
65
792
622
22
737
970
888
343
134
882
881
83
477
324
499
864
114
940
300
931
262
164
525
17
103
25
821
850
870
742
444
321
995
862
555
272
299
327
944
463
782
814
372
273
27
558
867
286
895
579
879
82
811
677
71
331
72
442
118
846
18
135
909
945
62
96
434
228
667
732
636
394
969
632
891
753
802
292
502
484
768
625
919
756
416
638
470
354
757
539
473
863
358
905
701
367
563
741
553
998
595
50
462
688
242
653
288
330
445
163
751
897
488
320
100
803
328
467
495
704
831
739
589
375
531
500
34
626
954
357
951
639
576
711
686
195
699
665
167
793
718
316
547
55
976
832
680
516
843
193
249
920
598
60
726
141
740
216
868
161
627
86
898
402
825
154
924
209
410
962
458
247
942
389
301
190
902
604
959
257
799
452
961
80
371
162
689
131
305
780
755
492
663
297
950
854
191
102
468
684
823
208
788
819
166
449
649
758
875
206
935
101
21
806
260
529
429
355
304
833
454
750
582
837
448
805
344
133
956
19
785
157
98
796
224
383
903
254
861
368
568
447
994
775
485
829
387
504
885
178
168
250
779
259
720
784
113
988
849
109
659
401
922
827
36
528
923
731
628
323
794
360
312
884
990
43
997
596
801
185
66
633
426
952
234
955
787
230
398
747
376
508
958
175
746
145
607
749
947
735
783
313
87
84
97
142
698
491
974
276
453
481
129
10
456
370
836
417
218
48
361
201
853
189
643
281
542
28
390
713
672
655
461
824
943
586
605
58
708
729
59
635
268
572
668
385
466
690
840
255
111
527
730
610
85
176
685
270
3
423
644
984
9
29
913
521
267
349
581
834
88
243
459
78
631
557
611
624
696
238
641
233
369
338
289
588
130
736
464
791
857
431
200
949
342
629
188
211
880
478
382
645
494
414
52
295
381
538
692
590
790
670
911
408
583
40
329
147
703
205
353
437
551
421
403
285
927
763
132
855
351
186
910
364
89
733
841
393
79
654
296
648
77
99
76
61
217
229
830
697
600
418
817
33
812
695
617
856
673
196
761
585
662
580
311
405
986
609
946
725
682
92
979
892
124
487
20
212
220
808
35
916
326
844
94
75
280
980
122
223
41
971
279
127
12
105
996
813
435
876
314
722
26
963
925
226
392
510
119
139
425
396
745
543
675
716
601
878
70
309
51
578
594
786
472
842
287
608
271
469
717
577
548
772
754
642
774
284
496
373
69
530
906
809
318
14
486
231
240
293
384
845
515
564
275
24
15
110
719
44
818
411
379
412
333
683
506
503
592
778
39
158
565
748
657
540
681
656
700
526
866
759
352
912
81
322
597
524
972
883
574
187
46
918
926
202
106
907
53
308
159
896
715
303
612
900
723
537
859
886
666
258
433
518
513
712
227
678
261
144
933
939
989
128
430
967
377
505
317
177
789
294
762
921
7
904
848
710
269
169
936
858
637
552
908
67
816
934
93
851
63
246
31
575
507
409
298
569
838
407
562
419
282
646
769
618
874
251
378
953
727
192
847
404
650
616
450
532
977
432
820
140
374
915
744
671
