2x2
87 265
8 387
-
128x128
316 136 112 280 322 225 382 286 263 7 287 484 61 144 32 367 241 248 356 288 445 327 106 186 256 413 134 499 198 395 62 291 328 5 400 146 414 453 1 307 390 298 174 107 217 388 301 494 438 337 90 173 168 181 101 198 287 329 239 313 77 403 188 364 479 186 168 323 23 215 381 465 255 337 263 492 484 104 228 7 186 405 115 333 435 482 139 397 444 243 7 396 473 255 34 56 117 425 10 160 336 47 456 395 287 493 174 219 377 342 23 209 445 489 467 454 205 89 435 114 468 198 16 422 340 430 453 190
61 83 499 10 382 368 102 78 173 282 52 415 448 181 320 477 244 12 122 0 133 74 160 1 146 390 62 94 444 310 193 116 294 486 72 404 476 341 277 59 304 455 14 327 203 24 148 360 75 362 478 267 340 466 231 159 499 122 345 426 128 308 18 234 231 415 441 208 385 327 38 358 166 376 107 328 180 225 174 383 231 94 70 81 423 79 60 52 151 471 418 235 470 314 331 298 329 295 155 202 112 141 130 365 132 241 90 173 131 202 357 386 473 67 416 457 410 481 127 460 111 206 20 133 466 310 196 114
370 249 153 119 388 290 281 389 152 449 97 9 0 483 415 382 187 298 126 348 351 67 429 291 266 7 329 186 499 436 350 399 108 7 161 10 458 359 254 188 276 282 399 222 380 439 66 254 245 93 66 35 483 195 62 243 376 447 402 244 395 247 2 362 164 248 213 356 155 260 143 500 418 425 480 80 139 60 306 352 484 354 453 303 450 313 435 468 299 409 90 413 275 483 233 305 248 294 72 177 462 271 310 431 362 438 37 174 423 240 410 469 117 219 60 500 256 69 498 238 32 389 485 330 168 215 359 132
376 101 319 495 252 104 234 29 469 417 490 103 49 169 46 217 109 197 492 451 75 63 120 129 285 17 457 224 480 90 212 35 197 121 95 4 197 473 380 167 301 108 285 451 1 223 173 66 60 410 27 144 251 373 426 230 228 321 335 266 121 138 450 42 251 451 127 162 465 474 321 3 201 264 173 212 52 306 366 156 458 16 353 115 161 335 353 435 34 298 86 382 53 480 253 138 55 323 463 275 143 304 484 137 112 277 479 465 261 359 347 91 94 477 135 60 246 345 213 257 369 279 176 146 70 258 137 469
93 292 56 155 311 86 361 90 447 347 331 19 186 265 442 388 169 225 323 72 345 165 392 248 167 37 339 114 85 221 457 389 126 390 103 320 459 369 171 405 260 24 313 468 253 152 143 298 435 304 268 188 59 317 86 13 396 233 24 117 62 461 234 143 164 81 477 418 239 16 6 301 361 238 356 181 53 127 436 392 411 492 462 233 170 302 338 263 230 117 495 283 325 436 156 295 2 485 449 160 43 478 148 29 430 203 306 186 119 468 86 31 368 221 179 149 370 333 241 315 263 61 342 274 47 490 152 403
141 485 190 388 161 383 85 81 30 307 270 426 298 467 493 271 28 202 169 171 399 264 170 180 130 484 417 275 124 419 342 125 460 464 70 8 453 352 484 106 163 435 60 230 446 500 300 185 207 350 190 460 152 76 348 272 141 13 437 120 461 409 295 277 102 455 307 500 393 165 233 396 446 19 79 308 78 73 394 376 43 245 113 11 148 346 449 111 301 292 327 320 367 325 20 329 346 497 363 44 287 245 245 353 181 415 380 38 145 331 177 495 331 345 338 395 226 304 338 190 345 391 367 426 61 297 390 423
290 76 293 47 247 293 263 261 287 127 96 274 197 397 224 126 388 145 256 316 180 108 140 488 180 26 483 285 488 253 151 0 467 124 53 122 427 230 304 281 261 441 373 181 45 50 40 364 270 290 238 233 87 29 145 53 339 500 249 224 182 128 102 334 401 93 356 336 391 5 227 117 320 329 45 203 361 86 477 281 61 380 304 356 358 2 343 66 402 154 482 46 156 23 159 20 145 57 473 50 417 12 100 81 8 428 200 205 248 90 310 146 454 406 364 104 303 389 210 232 307 86 495 124 182 75 319 114
249 438 194 199 392 123 178 29 176 114 180 348 111 93 92 363 236 452 221 53 447 183 303 417 112 471 108 222 227 71 289 328 5 129 266 179 255 220 209 291 361 414 429 334 427 140 375 123 249 15 96 5 28 194 181 285 220 362 412 355 10 199 210 384 276 452 333 285 149 250 44 365 97 294 433 91 371 177 419 489 2 446 160 339 500 328 39 108 179 481 116 333 166 169 391 274 489 129 405 212 349 135 302 172 370 89 36 188 322 236 276 364 70 8 151 378 176 453 190 389 438 251 427 262 208 325 494 37
160 233 423 285 91 193 218 119 38 293 424 18 275 72 74 405 114 30 168 250 257 108 454 399 430 79 164 475 394 256 407 370 248 17 25 153 494 236 112 185 369 211 244 38 143 129 427 407 288 109 210 355 392 445 377 428 322 110 496 221 236 39 445 478 85 386 4 135 176 298 411 220 384 267 195 200 459 344 197 232 188 114 103 489 351 169 12 170 396 263 254 139 358 262 209 254 24 148 194 420 205 443 234 298 357 140 409 441 211 463 153 343 194 406 479 487 462 271 294 358 264 36 417 328 420 78 314 82
253 418 5 14 191 151 467 10 432 339 34 75 441 100 382 154 218 108 260 248 257 410 324 498 38 84 203 253 435 303 70 219 357 305 278 78 450 369 283 381 265 117 74 486 27 379 324 363 60 117 210 465 184 175 375 167 320 356 131 311 387 277 105 219 268 265 55 282 336 30 381 170 425 347 385 153 370 173 43 320 385 6 313 360 240 309 177 457 107 438 221 71 293 252 21 483 429 316 299 102 272 125 494 428 59 402 371 123 303 186 389 115 246 7 395 339 226 362 28 132 389 24 493 422 238 386 181 35
346 405 6 351 86 298 34 458 368 470 410 375 388 332 85 259 94 348 328 260 285 189 452 214 345 328 403 17 146 440 134 37 89 57 355 489 335 15 457 392 71 468 383 430 205 256 332 1 477 108 307 367 302 473 248 139 223 493 353 480 3 426 240 39 58 158 92 336 101 473 164 361 312 462 256 313 172 265 120 422 499 20 297 260 390 179 193 21 18 488 107 364 352 402 271 199 259 97 68 350 83 280 11 223 279 161 361 388 333 47 403 48 252 400 439 400 43 395 51 88 380 36 98 298 84 296 434 26
188 496 349 407 389 409 358 267 301 300 289 272 127 321 383 285 261 87 208 354 128 479 144 180 445 55 217 402 34 179 421 55 396 217 408 412 363 484 434 339 273 344 289 298 436 4 82 144 382 71 356 448 365 225 357 69 417 278 391 13 403 352 393 13 401 475 12 148 273 363 293 108 270 219 435 219 275 428 314 225 459 178 24 257 413 184 178 393 115 495 173 314 316 430 23 281 47 337 439 97 126 130 471 72 189 404 119 360 478 123 36 482 415 57 372 11 148 9 21 483 0 499 74 12 374 366 2 292
275 90 99 225 222 43 0 39 367 49 423 295 452 54 101 250 358 151 445 329 104 427 442 319 422 92 137 394 446 185 93 478 267 405 187 239 187 133 143 75 30 216 143 189 132 220 104 369 440 28 101 58 138 261 280 280 160 262 381 210 356 425 62 250 200 498 319 411 111 197 242 115 57 275 322 181 351 344 173 76 470 137 388 217 79 360 151 128 492 331 251 236 451 301 444 266 192 148 72 289 118 105 85 334 466 61 253 309 309 175 326 198 294 279 451 415 408 336 44 50 243 215 495 251 88 203 176 482
440 417 288 139 36 425 241 416 125 313 294 89 110 239 273 367 13 51 369 284 409 235 238 119 96 50 275 411 237 168 347 250 341 161 77 42 313 140 84 455 460 485 231 324 361 363 213 32 480 473 400 144 102 60 282 188 6 170 462 256 457 370 376 6 389 5 352 249 199 354 280 234 452 96 4 441 377 58 158 129 455 165 3 191 26 130 489 127 265 325 212 283 405 305 335 337 373 338 435 99 222 10 473 269 454 422 254 92 325 470 447 299 65 210 448 314 290 408 393 498 276 220 352 136 497 245 30 320
134 95 181 357 142 437 123 475 192 152 146 457 459 103 190 64 408 44 149 488 13 12 381 324 459 372 499 82 495 133 19 24 67 227 226 443 474 106 320 156 448 388 246 237 276 339 309 412 406 207 266 455 336 425 362 286 464 74 102 256 316 301 17 329 339 123 166 359 83 34 310 151 209 21 214 495 164 261 85 184 44 135 284 318 279 121 69 256 196 322 234 244 107 472 443 141 2 381 480 115 499 415 31 96 310 251 457 236 373 360 225 124 450 25 371 102 218 353 388 456 60 150 417 60 486 57 354 104
102 344 190 131 302 369 173 45 58 356 497 171 390 48 234 222 319 500 439 105 43 36 410 428 22 69 362 208 109 287 14 190 408 460 30 21 101 3 402 195 272 241 152 137 389 398 197 462 387 246 320 251 173 147 285 88 81 36 150 86 14 64 485 484 72 363 311 193 382 187 248 187 330 19 165 213 383 13 437 152 141 123 26 363 476 492 59 197 60 60 162 174 400 63 436 335 231 338 314 495 346 393 152 114 156 192 360 13 461 230 148 116 422 149 451 52 340 188 336 341 122 133 404 96 379 181 148 5
399 421 246 470 253 430 353 65 493 265 191 438 226 24 299 187 325 453 155 2 61 260 105 160 80 406 86 226 85 421 174 265 471 451 17 369 107 44 421 11 160 475 375 332 196 166 335 415 336 309 171 385 54 439 386 53 70 77 383 448 413 315 432 225 16 376 227 412 362 199 338 390 92 144 197 297 262 86 205 462 196 373 292 308 479 199 292 488 260 267 389 6 499 413 488 295 171 315 110 60 80 274 193 176 44 390 23 431 303 461 275 76 79 7 297 425 493 335 373 228 354 35 1 390 406 161 497 163
353 216 340 333 172 79 488 466 196 103 116 142 393 284 426 431 201 421 311 100 119 45 335 140 428 5 78 245 133 469 475 81 410 101 160 202 398 475 466 196 452 418 242 172 155 165 180 44 172 252 253 170 121 370 60 155 239 67 39 485 484 234 178 127 159 490 113 211 409 296 59 195 346 211 199 459 90 441 463 490 37 277 372 103 457 193 235 203 415 494 328 81 167 79 257 412 139 268 207 104 395 13 96 478 284 96 201 499 242 494 131 336 129 295 285 130 485 234 475 90 419 154 119 309 166 15 425 109
434 106 297 295 394 141 266 207 231 365 37 269 90 408 349 309 424 188 126 334 351 81 344 165 496 310 399 284 195 222 337 116 413 26 178 265 94 270 14 496 340 324 185 115 19 61 408 395 214 97 376 353 59 428 404 250 101 196 238 9 95 494 24 251 172 34 117 197 404 341 105 57 279 425 101 185 283 462 20 404 496 431 399 252 294 110 444 125 284 404 382 90 113 391 111 6 463 374 1 179 210 160 96 71 290 198 432 315 36 320 245 480 404 170 186 334 185 437 444 243 9 136 245 22 214 113 262 195
459 95 247 137 361 367 152 214 225 27 403 472 495 293 385 110 330 172 455 301 250 294 320 445 23 382 495 455 450 104 186 341 354 134 407 185 495 56 222 465 399 165 81 392 249 202 330 118 343 65 227 157 262 414 155 363 217 454 345 41 396 487 213 431 206 325 458 34 286 246 284 179 231 451 223 220 263 452 344 68 335 278 415 126 64 4 475 206 337 433 441 189 376 325 12 252 241 66 147 289 272 402 324 493 119 495 425 423 7 164 94 159 481 71 466 173 204 91 200 127 395 486 136 416 120 401 410 237
260 247 497 310 379 359 329 155 391 182 301 252 179 491 132 391 282 3 488 25 321 121 217 385 277 380 44 349 223 331 418 34 358 272 168 386 159 285 355 271 480 266 292 65 488 28 356 320 171 194 486 291 337 425 326 481 336 247 453 334 305 255 328 34 477 81 166 359 254 180 39 463 269 128 79 84 215 163 471 224 264 451 61 197 173 366 128 137 134 83 483 20 397 299 435 308 359 255 127 73 311 111 90 339 236 377 162 435 31 184 361 283 349 394 226 129 223 167 376 298 415 116 219 204 264 437 96 414
343 321 41 46 62 490 263 155 193 420 210 66 362 267 440 200 154 9 283 74 361 41 210 362 220 38 237 267 30 239 184 97 448 310 343 112 43 389 165 201 441 57 250 7 494 421 164 247 138 490 7 137 310 147 378 432 441 351 253 123 144 330 318 444 183 213 212 318 294 456 81 72 291 188 245 111 129 142 444 102 228 475 370 184 181 371 236 358 283 221 100 124 230 129 17 252 203 316 493 447 163 20 467 332 174 218 363 33 319 255 212 119 318 271 290 265 285 63 283 178 160 154 12 452 197 182 499 86
404 484 187 17 89 240 171 112 125 50 127 213 182 434 423 356 258 139 462 45 440 455 443 133 27 279 22 246 383 433 59 131 163 302 168 153 248 88 203 310 276 185 391 372 397 248 492 495 370 291 19 273 452 499 245 340 208 89 6 360 384 346 191 22 449 99 230 25 160 339 313 158 330 310 233 284 490 438 153 446 316 152 196 156 205 364 89 69 375 144 265 54 379 41 115 175 171 165 286 48 37 307 302 405 357 61 357 35 177 161 296 416 498 49 3 299 26 429 466 149 241 215 326 181 366 378 263 187
263 223 357 36 29 435 320 320 216 299 304 18 300 0 391 109 197 308 442 359 307 134 303 234 158 274 245 401 484 403 179 485 16 44 305 149 476 179 473 155 358 162 118 184 257 152 203 401 137 71 139 257 139 432 230 436 462 177 451 377 329 39 257 341 427 288 443 163 313 430 352 297 233 3 16 447 366 357 497 183 288 457 1 32 380 302 385 71 300 186 279 182 101 344 280 59 7 2 253 387 32 496 18 93 247 470 6 206 73 324 441 289 305 29 292 102 281 33 65 93 242 315 273 54 237 157 136 11
186 243 349 104 149 434 344 301 413 436 189 386 46 473 142 349 88 133 17 325 228 88 131 389 163 175 78 413 352 421 347 31 391 202 32 454 312 115 314 334 45 7 457 55 219 258 35 178 403 87 225 500 70 145 197 158 305 481 452 424 41 467 476 35 173 447 417 112 10 203 352 9 173 99 456 113 98 458 182 324 316 251 71 347 361 412 496 395 414 98 412 201 176 99 69 138 445 273 8 222 336 121 109 75 322 118 283 415 273 498 251 455 234 131 230 198 32 405 462 43 24 48 111 408 381 89 82 141
108 413 143 97 14 83 422 379 393 331 291 230 123 491 466 129 455 457 5 326 281 142 11 177 385 456 127 29 148 33 324 227 443 55 471 65 498 167 378 311 462 121 471 386 463 315 51 325 283 64 406 247 171 317 45 385 343 298 457 246 475 338 8 167 352 467 338 180 122 421 244 233 9 319 497 422 364 462 336 257 403 319 121 17 281 118 63 372 132 213 281 304 269 373 45 192 276 431 188 490 448 196 217 274 370 262 202 209 227 163 366 388 192 223 438 172 80 334 182 156 91 134 194 252 354 373 210 193
428 160 424 150 69 168 189 312 25 418 50 350 117 166 104 433 465 114 393 186 66 477 306 337 499 446 48 95 286 155 113 315 322 437 24 461 99 442 324 312 317 416 433 205 359 198 162 58 473 0 10 56 486 309 177 350 143 102 54 105 390 218 19 464 165 2 269 48 27 413 392 496 402 279 202 459 118 72 29 148 185 155 499 201 100 409 416 425 285 490 197 184 175 376 105 394 256 326 304 289 249 128 470 493 56 388 346 58 383 205 464 36 53 416 436 47 305 314 491 213 390 499 469 383 177 412 488 38
439 295 453 120 406 356 486 198 56 403 216 40 383 93 259 323 351 496 428 46 376 52 121 445 218 8 77 323 134 121 404 103 68 468 459 270 499 182 84 227 14 421 469 261 133 264 152 238 24 297 337 204 114 499 360 241 295 282 119 324 111 119 324 471 426 204 462 248 208 393 403 4 313 281 74 39 83 28 94 77 54 299 421 315 275 236 233 186 117 164 398 6 447 351 384 330 268 384 365 92 174 191 96 160 5 90 229 337 204 14 99 110 149 217 482 399 378 75 4 254 137 130 121 403 349 269 297 255
460 36 242 239 468 454 304 338 254 250 488 65 189 210 152 278 242 490 488 428 309 336 500 121 267 238 459 222 278 9 382 477 367 434 146 496 477 354 458 336 17 17 419 68 197 96 283 311 118 403 412 330 258 314 1 410 145 284 408 37 117 292 248 489 0 135 433 13 260 459 177 447 293 203 356 177 163 337 215 154 58 370 462 278 38 374 305 275 95 259 257 380 257 187 51 374 148 444 335 81 171 428 300 337 167 173 275 456 423 289 23 409 27 9 194 338 142 127 168 210 57 102 121 293 45 217 381 181
444 112 76 359 303 62 438 286 390 216 445 305 297 355 254 27 34 269 306 413 446 349 237 209 396 279 332 35 202 400 47 299 255 423 22 68 311 258 4 371 309 488 46 284 19 218 488 199 483 238 322 218 437 37 470 272 461 307 217 193 467 292 44 202 447 438 1 309 308 393 224 368 474 391 413 16 36 88 401 243 331 62 78 202 372 249 382 109 234 64 252 499 311 3 250 38 144 280 458 499 227 472 32 72 327 310 280 65 92 41 296 114 313 30 36 234 11 319 324 258 290 496 499 494 410 212 114 351
467 303 177 241 363 412 238 393 418 45 291 363 63 39 32 411 5 91 212 450 220 248 55 491 90 35 174 119 269 489 268 268 54 325 321 20 215 131 330 29 61 377 73 56 74 37 485 107 92 419 50 231 67 113 95 295 441 459 284 261 250 96 355 345 162 396 453 4 481 250 402 188 42 266 307 134 465 331 193 221 211 265 103 426 379 276 82 415 212 96 218 314 481 296 441 468 481 306 353 481 467 432 442 453 135 398 267 164 256 32 352 411 351 493 137 355 46 217 429 423 394 228 46 186 15 96 422 306
384 461 77 350 219 148 331 469 111 209 252 420 51 353 457 13 7 461 73 151 418 54 494 417 207 219 405 107 467 365 282 135 181 459 340 20 398 110 216 111 78 27 226 252 316 347 101 280 8 390 409 410 409 411 453 110 454 50 112 496 39 337 83 156 256 192 450 482 387 462 294 69 437 407 405 39 421 227 480 405 49 233 216 403 464 182 462 317 346 384 464 272 27 51 12 239 490 275 183 483 347 194 314 499 362 231 67 337 251 135 56 294 481 417 409 490 143 9 396 155 322 459 203 398 363 371 306 306
1 172 363 414 331 200 233 238 52 41 468 318 30 168 411 391 268 452 120 34 373 487 200 345 63 318 176 268 117 74 159 28 148 28 341 241 128 417 102 290 418 63 460 456 348 277 237 425 150 53 10 355 205 88 445 413 119 54 441 463 338 233 45 245 96 298 495 384 140 298 76 14 238 112 217 140 268 483 202 168 128 257 26 59 61 204 308 28 233 229 488 335 360 281 496 165 21 339 80 300 74 2 285 423 494 131 52 111 455 463 205 124 273 114 41 36 279 226 131 297 418 431 473 320 119 172 321 18
272 73 54 204 141 55 175 429 421 373 221 287 420 285 308 101 294 454 96 224 260 206 113 122 428 8 305 187 101 286 362 37 65 53 134 414 143 456 495 236 207 485 487 414 393 65 281 65 366 43 58 498 436 465 414 87 368 207 154 94 307 148 437 48 146 367 315 269 84 124 462 211 469 133 325 414 172 256 37 121 344 91 205 371 9 303 389 233 167 397 183 496 330 43 211 300 53 133 128 98 367 461 311 237 97 268 247 33 400 17 271 369 22 418 91 83 469 160 130 281 111 141 240 444 327 415 268 115
187 221 75 145 286 280 110 82 486 80 197 253 271 67 333 27 399 462 222 235 278 67 322 426 385 182 202 350 469 143 316 438 432 278 225 139 246 477 257 461 8 98 86 58 477 0 460 38 376 438 114 484 288 338 165 222 189 19 451 174 410 192 447 48 482 3 194 292 29 398 180 247 120 74 309 274 89 413 45 269 92 63 310 179 95 357 338 431 387 121 229 393 156 155 24 117 360 317 72 49 59 368 349 244 226 439 233 446 471 216 344 426 46 162 6 463 260 468 214 255 212 21 357 170 464 9 331 456
89 372 226 210 456 224 24 333 78 475 335 498 199 478 315 441 26 436 296 104 208 480 211 273 169 134 359 249 81 143 89 405 277 158 368 155 464 132 413 115 256 316 158 202 348 458 481 335 400 116 373 170 465 481 239 473 207 348 141 151 219 144 323 246 290 455 101 198 219 88 498 12 122 449 131 34 362 389 249 302 411 48 217 206 166 285 488 78 24 342 322 171 241 253 83 8 262 394 364 227 86 299 216 300 376 387 291 261 480 325 185 229 85 152 479 326 309 490 86 151 411 49 59 24 260 39 477 203
298 485 464 454 457 246 380 13 111 81 68 237 452 112 438 350 31 424 231 84 319 126 364 88 14 194 305 226 479 65 269 254 297 336 488 469 302 358 14 85 325 6 101 268 331 461 259 319 45 468 72 215 62 19 449 257 332 307 481 273 59 262 129 465 483 167 77 104 99 452 306 484 22 468 271 397 425 192 206 173 31 54 364 261 349 73 274 494 370 245 485 414 258 1 374 17 490 155 335 286 439 497 362 436 174 317 236 408 489 389 271 58 429 43 466 340 450 171 70 150 168 0 326 394 255 351 397 322
499 436 397 244 37 262 480 181 397 132 228 132 161 29 79 171 179 77 36 382 35 59 149 43 369 451 426 426 241 245 457 138 25 311 498 201 62 73 120 111 319 346 308 50 183 239 421 145 300 464 220 350 428 191 311 339 411 106 7 474 460 295 1 421 384 469 277 322 14 64 431 468 398 462 14 317 322 132 147 464 343 472 484 487 131 98 77 363 175 253 437 308 255 213 454 101 135 201 54 243 446 333 140 206 329 118 413 29 419 16 455 463 225 375 340 423 475 446 299 12 59 123 309 414 425 138 420 182
499 281 106 365 432 353 172 493 193 177 103 291 397 62 99 289 6 244 170 359 321 464 375 259 428 128 228 466 405 213 66 307 44 49 67 27 396 395 454 62 311 166 335 32 53 236 134 344 257 227 305 101 119 22 17 57 407 116 362 274 292 261 22 403 200 486 471 227 487 334 195 461 1 72 387 47 179 446 486 13 492 363 6 422 1 33 88 161 261 281 457 468 265 21 308 487 386 347 499 126 247 149 367 8 146 221 435 156 353 413 83 279 12 340 397 11 194 171 208 286 261 318 117 115 125 452 199 419
433 16 391 494 340 308 242 275 484 1 77 470 214 430 203 28 390 441 244 391 241 285 338 468 196 156 186 406 340 372 461 122 356 163 236 45 255 366 311 72 70 274 39 82 451 112 273 426 481 142 298 437 17 268 287 134 313 11 178 315 186 309 349 159 13 216 178 397 364 229 406 443 107 253 76 120 207 374 369 436 228 138 281 4 70 200 217 235 300 65 144 132 53 31 142 246 291 368 302 290 399 458 65 85 330 459 35 232 320 324 226 158 179 280 59 214 243 262 159 178 467 175 348 61 404 205 80 327
289 468 323 400 99 214 43 361 376 21 365 288 340 278 119 78 374 203 183 493 454 373 359 390 280 250 430 142 173 150 38 484 449 462 8 135 457 105 442 477 6 113 470 40 442 60 378 274 173 332 491 45 160 414 307 282 311 144 410 97 309 282 258 109 121 462 232 209 421 197 282 147 12 192 437 237 38 164 184 492 355 74 407 311 134 231 347 380 171 151 227 478 6 14 92 37 303 481 124 391 53 323 406 389 386 348 447 497 69 415 2 46 30 421 320 366 440 40 207 26 175 486 195 248 105 344 362 63
436 166 373 346 180 354 492 400 71 182 232 448 271 498 69 356 459 94 45 86 54 147 303 69 84 278 200 305 344 256 66 9 229 316 271 237 443 414 181 223 443 123 369 221 374 395 388 345 414 70 373 498 164 209 160 21 385 289 360 96 458 201 122 337 449 226 313 248 444 356 44 180 38 247 265 64 437 361 200 223 466 411 456 10 97 8 127 104 408 169 497 447 424 101 378 155 376 406 227 188 142 118 217 273 99 339 299 43 25 224 33 273 429 269 376 484 237 31 367 463 272 466 324 306 339 209 365 42
336 39 388 96 328 324 236 105 65 162 410 225 374 302 147 385 27 3 195 188 69 134 479 371 129 373 225 237 209 407 168 127 398 288 432 413 442 24 127 480 338 27 226 261 92 433 56 119 421 360 248 267 303 260 53 279 362 403 398 140 16 334 391 305 133 294 221 139 2 459 429 198 439 238 26 433 186 426 422 106 202 390 191 238 465 153 121 112 245 302 100 21 380 207 291 147 139 377 493 329 379 429 195 215 160 193 233 404 461 162 498 164 391 113 293 370 347 140 1 398 92 190 56 389 467 181 15 334
498 208 34 76 204 5 494 368 406 500 43 269 64 267 311 79 284 108 454 276 205 6 362 332 354 146 9 219 35 467 239 205 5 201 418 395 137 206 83 360 287 310 333 466 58 61 229 476 142 378 455 471 6 48 277 440 279 365 167 160 113 377 212 312 321 215 47 428 189 123 278 275 31 496 484 191 60 120 266 173 205 129 45 497 166 495 155 334 42 186 40 295 363 365 176 27 323 60 381 372 402 122 270 269 99 485 159 428 286 467 249 455 10 310 401 197 230 93 373 18 357 478 140 160 173 384 188 6
439 312 307 312 497 61 272 64 420 176 250 344 301 53 352 92 33 381 487 98 122 436 401 119 179 7 467 239 496 302 494 241 100 119 386 2 92 305 356 473 155 372 385 437 183 407 441 412 377 346 447 431 225 0 493 387 449 43 458 433 212 257 132 63 132 160 29 430 394 420 280 256 236 293 457 437 373 42 119 284 491 115 439 229 15 38 123 112 133 177 388 421 467 487 113 166 237 289 98 24 218 4 120 349 206 374 472 282 235 222 182 490 325 10 216 481 296 182 178 171 433 240 54 150 465 74 475 58
393 5 27 41 297 351 140 153 176 22 446 284 82 79 216 0 401 65 319 127 119 449 207 309 155 65 437 263 458 95 314 337 493 450 211 369 106 196 184 474 461 488 352 29 349 80 17 28 215 415 27 288 37 115 399 285 299 382 361 463 18 159 40 231 248 424 55 132 259 248 383 123 336 309 93 364 75 363 431 456 11 147 140 420 346 450 423 367 88 471 300 411 405 315 81 161 145 282 261 338 268 110 297 210 37 96 173 229 39 180 107 295 243 384 268 71 482 134 275 151 143 272 473 353 132 409 376 240
24 243 130 295 238 41 251 291 74 447 256 275 155 8 343 136 166 199 408 300 453 258 128 152 9 175 316 180 304 418 410 493 368 238 397 484 180 156 183 410 213 234 145 180 314 280 140 89 489 420 109 63 203 353 348 226 61 87 313 419 166 340 180 376 352 91 161 87 216 269 205 378 166 39 114 280 475 297 112 275 277 234 483 380 57 273 66 380 133 362 211 159 253 110 347 239 204 150 359 52 55 4 312 364 39 94 31 485 488 40 412 268 202 403 373 216 496 271 337 433 453 346 165 404 278 275 376 275
221 114 394 136 226 483 8 272 231 130 334 398 307 320 234 193 163 448 362 459 163 272 248 163 47 240 69 13 218 225 351 124 333 283 75 247 210 89 290 439 453 316 237 48 99 416 110 121 140 466 50 292 178 39 58 258 427 198 362 33 352 249 222 246 384 414 188 271 125 207 336 308 241 127 299 346 11 112 124 54 32 160 489 214 204 292 344 277 84 353 351 47 290 359 197 492 288 296 400 20 49 110 350 212 102 187 348 345 206 90 230 456 262 364 361 137 341 35 120 177 95 343 332 254 486 305 452 297
66 138 148 77 496 283 53 444 474 21 455 472 341 256 27 61 391 219 278 139 2 94 418 246 444 321 463 20 277 445 354 497 261 45 172 323 440 338 489 0 281 335 497 61 471 274 187 281 271 44 93 440 353 116 293 156 443 418 451 207 444 45 395 481 225 131 26 72 385 182 130 190 233 493 390 298 84 408 126 459 245 383 158 179 328 80 429 275 70 53 71 488 184 396 332 61 381 20 364 158 6 407 205 494 491 172 161 440 414 237 294 188 49 203 253 270 416 474 39 331 97 379 461 225 197 408 32 22
172 215 364 75 316 189 35 31 466 175 166 214 87 158 108 244 315 152 307 20 298 40 389 116 111 234 139 123 375 193 387 34 132 9 329 429 385 203 285 321 231 326 499 192 309 219 286 80 357 231 208 398 444 242 226 152 195 307 115 293 30 163 243 408 197 373 153 284 205 390 376 431 212 181 15 399 154 292 363 239 278 375 50 495 177 193 458 103 401 384 68 155 227 392 167 212 72 394 37 10 421 191 198 190 211 434 370 441 166 15 93 58 193 198 378 169 211 20 437 215 12 423 296 481 141 417 493 44
341 177 413 35 227 457 45 428 11 186 266 152 327 136 172 63 282 308 399 466 328 375 101 6 217 17 210 424 354 205 46 218 82 375 108 335 241 241 467 115 449 381 165 238 296 135 328 249 55 17 115 38 446 304 9 329 411 26 16 104 141 215 368 454 177 399 392 145 222 232 64 293 267 132 5 53 425 459 172 330 94 251 30 341 315 32 488 230 185 219 179 218 131 163 140 52 65 393 261 351 442 293 172 91 110 227 54 136 423 154 226 396 477 36 281 469 350 27 399 251 111 408 421 150 356 148 144 115
25 451 396 155 78 440 208 96 358 364 406 458 331 43 103 337 119 130 23 102 176 307 339 190 145 458 411 51 384 148 419 48 96 86 479 206 355 98 463 437 393 265 270 236 331 419 411 146 160 277 415 169 329 194 119 392 337 187 48 287 43 103 276 477 296 438 181 421 50 423 306 107 39 136 16 96 4 190 252 296 56 77 207 355 453 440 354 152 2 349 238 337 119 305 205 411 160 255 334 42 103 306 457 61 55 305 40 478 379 431 235 259 421 71 88 320 433 123 153 200 425 253 325 352 328 58 413 115
110 319 306 181 418 428 82 372 99 270 162 157 136 207 228 189 63 270 55 386 145 32 248 118 442 405 129 266 64 470 475 303 282 430 147 484 5 324 298 355 268 450 307 263 73 90 63 232 318 39 327 77 301 227 25 387 361 27 46 486 241 85 352 272 8 289 298 444 55 467 20 69 320 207 428 344 115 203 105 55 322 97 24 110 44 480 422 274 376 56 347 166 172 437 43 286 392 246 91 219 318 82 392 36 228 158 353 207 63 172 456 81 80 343 3 115 149 49 485 464 415 423 440 318 403 248 245 125
478 437 91 149 497 198 160 432 411 171 370 140 440 326 96 85 309 398 356 278 407 277 344 336 41 116 266 197 152 498 181 295 365 12 240 404 137 477 305 198 432 361 81 432 412 33 392 12 312 226 142 116 396 226 163 30 109 52 421 329 285 140 199 85 2 116 125 211 44 455 337 70 155 405 223 195 34 101 148 158 35 383 81 222 249 299 180 386 401 187 472 141 264 95 319 234 261 249 129 12 319 435 480 466 261 212 175 29 62 207 487 314 122 234 225 330 16 446 491 342 299 413 214 5 216 2 291 381
355 25 340 215 480 122 163 271 210 395 201 351 145 30 224 121 119 270 336 464 279 357 254 468 93 156 154 273 415 424 159 157 122 18 171 22 109 7 460 75 413 30 227 359 30 25 264 15 383 296 285 127 411 222 486 276 194 477 371 493 229 288 383 184 52 306 415 419 332 279 285 300 147 150 472 169 374 157 127 35 432 187 106 244 114 155 25 239 362 92 399 99 150 66 333 147 34 39 495 211 372 2 133 121 325 213 437 136 74 89 415 372 41 335 232 216 226 492 414 32 105 57 357 174 64 11 68 425
489 111 142 133 416 499 320 80 466 278 113 159 310 124 140 60 364 372 385 373 389 493 429 156 141 258 182 464 110 204 381 57 147 282 164 264 250 20 211 36 345 477 286 322 333 308 106 315 108 233 184 353 338 393 450 109 442 3 194 484 427 215 29 161 302 297 396 96 377 494 320 478 223 338 216 290 182 451 26 99 126 388 285 121 496 183 231 8 443 136 415 52 358 272 302 226 337 212 224 26 439 332 185 363 347 104 259 107 341 472 133 128 348 424 304 181 217 440 414 115 32 378 113 96 418 477 244 85
425 304 42 447 263 401 91 136 473 319 359 76 421 287 313 474 69 450 55 27 484 42 76 112 256 309 437 241 2 422 388 436 31 102 499 167 258 278 12 317 270 23 460 108 404 219 188 395 356 14 140 23 71 300 481 436 300 250 492 45 309 92 199 180 130 78 375 476 281 36 166 306 428 480 377 217 467 315 325 228 55 209 408 9 334 298 284 495 206 18 141 404 467 385 162 455 232 452 86 295 468 383 141 246 390 112 441 407 486 118 16 27 379 97 129 300 141 103 85 486 211 357 408 475 381 461 189 277
33 373 137 202 3 267 490 305 246 493 290 183 446 263 272 268 204 380 90 383 395 128 11 3 455 483 161 449 137 469 15 218 98 318 297 424 19 432 155 208 274 380 248 259 334 129 351 334 375 151 395 349 436 466 248 313 190 209 89 366 493 335 329 204 201 414 205 365 238 250 361 369 325 356 237 425 264 321 58 277 372 420 135 387 223 212 295 6 348 15 90 0 195 123 39 67 250 85 402 275 239 54 362 160 52 247 170 225 285 266 227 417 210 275 411 134 178 473 325 338 216 388 221 195 369 368 17 106
425 218 259 119 475 243 77 167 379 313 14 0 260 290 500 397 186 352 62 385 136 193 233 230 316 116 149 172 410 80 58 434 474 437 430 31 480 12 24 163 329 434 279 5 133 67 182 278 482 246 288 390 407 416 189 207 8 430 294 57 52 333 54 21 240 274 439 481 443 312 396 2 99 427 397 177 43 308 144 47 433 435 158 65 182 280 176 233 374 338 435 235 297 14 130 117 49 415 75 189 353 206 163 447 237 240 500 166 257 29 128 325 2 23 353 307 114 218 54 476 225 69 289 468 235 162 455 226
455 306 427 469 273 420 495 23 471 179 255 389 291 127 459 208 123 86 12 107 29 17 403 341 483 125 222 236 442 463 381 339 224 28 444 90 180 193 171 430 406 120 297 370 111 488 408 14 357 456 107 98 365 426 456 148 290 19 334 283 342 110 413 163 83 103 402 251 303 311 150 57 354 410 391 2 145 425 346 406 251 394 392 479 116 14 42 139 96 317 2 138 450 152 335 377 480 48 268 79 355 446 172 291 204 104 422 284 250 437 355 300 266 56 209 474 431 73 472 425 168 21 448 44 418 172 380 105
220 329 266 181 138 402 266 71 349 384 228 35 317 381 482 285 12 402 387 386 78 218 371 167 113 227 283 74 258 448 312 138 301 118 439 361 137 472 156 446 329 287 88 26 233 66 446 93 32 353 78 249 477 326 261 227 146 411 316 69 191 396 308 208 395 113 497 462 436 440 83 319 3 119 290 10 497 217 237 95 108 159 90 358 414 268 412 279 47 154 362 163 434 359 453 198 224 408 160 456 97 399 109 355 279 205 22 24 75 371 493 362 242 406 350 24 42 229 100 19 105 317 64 422 330 408 360 58
56 434 323 269 60 10 106 406 259 292 267 132 284 216 290 149 138 340 231 37 5 130 170 307 399 303 186 256 498 105 322 467 267 215 168 133 455 415 129 76 307 31 331 5 375 279 436 378 389 497 318 304 356 478 71 446 482 239 187 142 35 126 218 454 27 474 202 500 321 332 3 103 3 364 274 246 493 100 266 262 489 19 115 269 22 23 31 385 280 220 395 482 372 97 125 306 268 166 258 135 476 266 357 355 442 485 178 145 368 217 500 290 53 71 199 364 188 297 88 297 150 148 477 244 197 483 337 208
480 151 21 363 488 1 16 194 159 116 3 113 35 22 492 291 231 94 86 64 320 296 96 350 383 15 379 412 93 454 181 189 463 267 421 428 343 409 165 160 95 337 452 112 326 273 490 114 408 90 314 121 425 379 319 159 47 363 360 196 30 322 271 69 197 408 180 383 240 186 261 408 127 88 250 210 482 90 2 32 344 431 111 364 153 55 434 298 144 223 447 70 78 443 293 134 17 279 280 323 378 210 362 309 281 291 254 472 383 317 364 246 45 394 470 496 410 320 6 492 293 440 289 403 278 404 278 356
163 459 264 85 350 167 156 332 455 255 86 299 266 90 29 239 66 332 251 467 403 220 270 164 463 23 25 452 440 97 223 197 139 407 21 344 173 42 24 122 315 124 488 330 120 452 194 311 17 32 68 33 17 155 497 491 412 147 115 313 249 275 100 187 153 74 89 363 11 391 319 380 74 393 434 256 217 227 292 82 396 90 432 104 448 218 213 261 464 390 155 147 270 182 253 304 298 177 369 30 474 109 442 470 293 265 464 307 106 26 145 242 347 360 458 483 36 44 309 415 146 361 65 429 374 483 162 171
397 241 394 169 55 124 465 497 300 161 301 83 304 61 135 264 186 233 271 437 29 53 141 194 374 144 485 385 442 75 294 435 131 224 247 69 290 67 456 237 378 364 400 483 23 338 378 216 304 126 252 26 56 317 43 185 92 195 373 402 456 102 78 340 115 126 251 180 468 215 409 121 191 113 220 414 151 452 353 172 133 206 355 330 87 124 349 199 130 92 85 141 266 371 176 347 418 262 260 266 369 362 249 468 20 194 245 393 22 393 490 173 154 288 87 264 231 96 163 35 173 459 58 479 87 187 228 348
385 50 176 479 495 234 93 473 51 437 110 440 227 476 321 412 76 62 48 4 254 126 35 211 185 466 454 464 254 423 190 404 100 438 137 317 336 11 447 406 318 416 452 146 275 356 154 406 24 457 316 1 199 343 428 345 65 63 193 434 51 428 183 385 201 273 207 240 435 393 293 326 139 25 208 417 277 95 332 463 87 240 485 326 379 100 387 301 175 458 421 231 453 14 399 200 35 342 199 374 233 419 266 18 18 206 267 114 246 474 475 361 254 340 233 276 72 350 97 493 3 350 195 196 485 1 242 234
371 20 417 38 152 103 149 86 230 430 199 197 63 27 450 320 94 283 499 374 354 198 106 82 232 61 323 138 139 197 134 68 141 253 14 52 300 212 457 442 22 54 389 282 213 278 376 204 171 168 156 463 160 418 468 243 22 207 27 285 199 226 32 17 220 266 115 138 349 394 257 355 427 485 275 93 96 313 300 205 478 386 106 112 491 254 488 149 383 399 388 64 430 187 20 156 345 399 309 422 68 176 474 451 96 353 156 498 496 111 289 111 435 210 165 235 336 269 285 319 474 476 142 386 228 294 482 80
304 173 343 264 314 454 370 417 383 210 473 139 194 459 297 73 446 376 268 210 462 405 348 471 127 16 494 187 277 124 418 318 144 112 92 178 303 52 363 173 185 88 474 224 197 123 497 465 408 461 205 282 130 363 207 158 190 368 104 123 485 490 113 235 180 231 221 41 267 140 231 385 299 487 290 494 49 465 494 269 197 105 452 271 324 3 213 304 50 296 279 10 218 221 271 171 106 142 70 239 66 40 356 482 267 230 72 305 391 266 271 90 128 367 474 71 185 124 0 172 487 222 142 161 187 172 94 363
102 480 130 386 437 412 100 163 109 306 42 30 115 470 7 107 104 180 318 7 249 138 446 189 147 107 419 87 433 475 146 370 292 30 32 68 368 110 166 484 105 49 430 146 483 215 46 148 476 143 125 42 182 205 480 385 220 399 341 264 378 74 330 275 299 167 496 171 420 224 377 263 497 222 462 327 365 133 176 16 111 409 186 67 128 233 75 12 430 295 153 276 241 95 280 37 333 226 459 456 42 387 20 198 103 379 280 368 105 175 465 488 106 409 317 91 398 211 413 494 42 89 340 129 415 348 189 331
283 351 451 431 153 122 453 462 32 228 107 265 103 476 447 336 67 292 326 240 40 217 163 55 339 209 231 178 337 433 313 500 69 391 315 342 342 57 393 67 9 42 254 165 315 350 38 249 187 36 216 135 6 229 102 316 383 50 478 33 480 441 178 184 123 380 269 262 170 167 227 275 416 499 51 7 128 285 173 460 278 411 274 367 232 302 487 422 79 309 163 321 334 310 91 127 441 246 408 91 201 65 425 365 148 181 199 406 292 437 444 7 378 56 393 85 426 288 470 183 5 196 458 304 483 19 474 286
396 320 95 287 92 493 390 112 441 337 205 279 356 240 373 301 75 365 126 342 280 277 166 478 284 145 13 471 247 243 270 179 233 200 103 245 316 128 330 111 481 206 301 400 158 243 437 312 230 324 164 469 71 29 104 257 200 93 292 424 425 130 302 222 177 492 22 171 472 213 139 150 173 18 313 245 486 381 221 399 81 425 208 452 492 31 218 183 363 257 389 248 452 76 286 92 223 421 306 53 231 53 28 44 3 446 54 56 127 396 177 111 273 108 245 171 208 168 487 126 367 31 94 324 316 270 44 143
462 126 238 261 248 248 298 181 53 194 350 358 470 404 217 211 411 114 169 422 402 174 448 60 75 17 200 461 228 261 323 90 476 451 350 441 280 459 79 253 451 468 303 483 367 88 296 367 320 477 456 249 485 407 372 66 120 498 44 187 185 71 311 74 346 76 264 233 79 81 134 6 126 159 102 426 428 232 119 344 269 423 11 403 30 125 134 225 285 316 287 247 264 405 288 237 363 128 357 186 139 110 498 371 187 124 96 478 107 265 410 98 2 28 472 221 419 465 83 469 52 52 230 149 298 69 136 22
43 83 500 260 311 342 71 151 120 131 462 370 482 134 137 374 152 180 7 72 38 228 384 245 478 171 212 135 114 128 198 6 49 155 374 112 197 453 135 105 336 256 363 265 248 384 238 227 149 46 483 495 139 49 35 321 54 88 295 182 133 370 279 399 296 137 208 338 396 86 459 328 285 17 160 406 467 495 232 397 48 124 389 137 46 497 10 340 42 246 175 291 348 67 499 215 204 127 51 182 162 241 169 186 200 155 13 476 199 425 114 230 299 279 455 496 101 78 112 475 306 394 47 220 244 29 281 190
125 327 207 479 354 236 494 500 177 344 267 23 407 456 222 458 425 374 96 462 318 413 210 266 54 484 92 403 478 153 253 123 332 132 111 172 251 134 362 232 450 24 6 95 286 238 411 496 412 347 364 92 310 262 19 424 94 5 392 358 437 290 167 87 462 6 230 85 186 320 47 392 168 433 136 41 17 329 433 114 8 166 251 382 359 115 163 163 447 152 193 91 114 386 33 435 302 371 435 154 297 461 337 233 424 369 332 197 183 48 196 412 246 472 127 307 228 432 229 377 158 85 185 296 234 490 164 77
384 292 182 262 200 85 145 448 64 184 398 431 413 462 175 261 72 342 212 111 212 24 336 153 81 212 345 356 269 304 193 390 113 357 126 5 42 318 160 238 456 64 196 62 330 165 216 46 486 102 368 129 181 25 202 168 44 231 59 404 79 480 16 420 152 46 433 88 438 481 312 222 127 240 434 60 229 285 153 61 142 334 478 100 35 41 251 162 453 474 484 434 326 445 148 475 313 109 65 364 409 361 166 170 195 79 213 440 96 408 121 350 111 307 23 311 74 63 341 161 424 332 366 269 34 481 431 406
423 113 69 493 235 116 103 366 399 294 148 487 472 370 380 474 406 403 397 500 367 71 65 181 152 402 216 24 175 326 162 195 149 101 393 462 442 102 60 195 23 143 296 213 102 377 418 167 24 325 471 449 177 176 5 126 137 486 354 283 168 356 434 117 308 202 342 69 290 250 439 292 59 303 207 147 353 494 117 256 103 454 348 297 257 234 329 289 14 314 455 226 232 187 412 102 44 99 28 162 147 277 257 224 187 343 225 256 30 7 83 209 355 19 481 250 362 330 237 451 49 493 64 255 37 462 203 194
1 270 317 125 197 386 22 368 245 33 90 202 432 344 320 462 249 176 338 388 272 463 319 34 306 114 411 61 62 254 383 473 418 467 188 326 391 77 317 478 63 36 23 200 139 419 417 120 457 461 112 301 416 377 439 160 433 4 381 294 180 355 203 306 336 28 407 78 193 260 323 122 77 460 394 58 449 103 66 397 73 385 40 313 307 61 81 313 487 74 70 212 19 451 443 324 344 77 65 4 58 194 151 137 369 248 273 204 446 257 352 82 467 498 31 189 15 343 121 193 364 37 403 256 378 32 453 3
343 409 43 178 226 426 256 143 310 155 485 408 252 411 287 192 353 340 334 66 218 78 384 233 104 387 431 61 442 388 15 145 205 482 316 109 295 340 290 177 189 58 36 403 333 24 0 120 297 248 395 224 183 355 285 488 0 380 27 490 264 415 364 311 250 114 217 212 432 313 269 335 345 324 442 23 449 73 34 105 458 441 449 302 112 236 192 274 134 439 4 302 146 275 225 157 191 256 483 246 332 80 39 393 258 465 278 84 158 108 241 14 298 405 448 255 312 469 203 287 17 499 172 152 468 28 75 299
300 491 28 73 280 44 491 218 353 249 375 7 473 408 272 123 142 126 102 69 190 157 35 265 394 496 292 380 271 246 151 424 195 259 214 271 70 151 411 270 423 497 226 82 450 274 58 463 444 394 247 58 165 464 15 283 189 414 169 240 140 39 101 321 220 92 465 33 288 404 483 181 479 434 97 483 52 293 14 157 152 154 98 374 41 487 240 70 119 358 184 266 28 194 357 388 203 344 353 126 493 61 141 281 482 240 46 190 236 28 113 89 4 86 411 52 23 85 24 183 254 91 171 203 434 359 354 498
466 9 486 349 77 56 486 263 282 344 60 181 97 386 147 465 12 113 458 313 67 139 409 295 10 50 387 459 204 491 386 387 337 150 20 258 106 308 281 248 303 442 101 401 424 386 43 333 363 30 40 120 216 111 117 455 492 185 392 212 26 385 239 167 383 243 362 213 12 247 2 150 67 479 338 173 237 484 72 40 160 381 433 397 400 45 129 493 4 476 436 77 247 171 115 301 148 393 194 134 402 166 199 83 417 97 483 304 435 289 343 447 381 369 90 124 25 346 212 135 259 356 134 415 217 291 13 145
403 20 256 321 452 125 48 327 72 228 213 384 150 95 70 394 26 310 60 42 282 219 110 404 310 272 224 381 343 52 176 75 374 354 120 392 347 222 139 211 389 35 345 125 439 440 290 345 167 364 283 314 34 100 500 95 185 106 221 493 2 93 396 329 17 247 341 352 392 331 360 182 59 426 66 446 114 278 170 374 102 155 0 253 327 442 483 9 89 195 236 63 188 56 326 222 251 71 482 390 51 290 36 11 431 50 274 379 98 456 138 379 271 327 231 215 351 186 269 182 328 283 97 236 240 19 496 302
312 352 444 76 175 194 34 445 404 218 320 168 475 173 289 246 74 87 441 403 269 454 290 23 47 289 84 81 272 140 386 28 92 152 94 74 433 453 123 17 378 495 118 220 246 302 79 421 93 278 235 8 312 191 118 453 232 360 128 391 122 320 248 377 190 354 68 64 67 362 29 172 294 239 156 460 7 199 392 61 56 22 424 290 87 46 405 472 475 326 102 309 309 143 446 11 361 85 381 448 43 42 83 155 312 257 256 443 47 103 417 116 132 216 230 484 422 312 5 229 484 470 59 424 113 329 431 414
422 29 469 463 169 345 361 169 294 393 426 407 101 381 257 214 113 458 107 235 310 182 397 101 169 102 11 60 159 446 369 427 384 420 447 403 256 273 325 377 268 407 1 353 27 434 408 286 66 90 364 86 422 378 150 173 460 18 189 416 148 193 2 280 41 315 36 77 267 398 297 162 327 270 344 343 337 457 83 494 12 317 388 258 152 194 281 249 310 480 70 67 241 189 163 373 145 161 160 487 137 255 426 46 239 485 143 426 364 186 33 91 37 205 488 110 435 360 303 291 148 463 322 88 221 207 14 125
28 373 342 412 483 244 131 120 61 423 238 48 120 100 273 228 367 91 36 16 129 309 457 55 378 20 173 489 129 460 256 70 434 310 189 463 416 135 144 452 275 194 105 28 121 207 228 255 0 420 279 232 16 161 83 459 142 353 159 73 471 402 62 409 306 153 35 40 104 347 364 383 463 222 346 209 86 136 432 50 264 270 337 251 284 413 300 414 217 280 416 75 427 243 119 361 181 323 5 216 22 281 419 443 13 118 370 326 151 183 67 31 254 203 260 65 472 106 257 459 489 489 360 111 3 3 318 138
255 421 218 109 236 350 197 6 451 181 322 407 389 136 470 482 143 412 96 151 143 118 165 184 475 56 130 371 435 387 142 351 20 16 31 31 468 331 488 370 94 342 452 312 7 217 252 123 394 302 65 140 468 36 72 341 300 35 66 16 198 334 40 53 198 193 235 467 116 108 67 398 324 382 437 169 437 104 266 320 211 354 452 467 404 465 450 321 5 421 109 363 60 113 323 290 161 497 81 229 0 499 88 51 423 423 255 169 52 432 386 236 61 285 240 446 364 387 350 119 346 352 332 273 44 232 72 155
264 481 9 307 329 348 232 218 467 464 330 133 250 274 407 443 317 469 419 70 447 430 412 166 149 166 125 86 271 476 410 191 65 253 174 439 303 374 343 70 182 499 62 220 446 475 166 469 61 97 453 110 149 459 64 42 473 411 235 241 328 270 268 101 317 384 440 248 125 395 38 26 75 143 466 5 392 324 296 499 119 13 177 49 102 319 217 45 221 151 442 276 269 268 180 499 297 121 153 233 217 26 440 141 248 83 234 2 56 348 10 204 257 329 170 3 331 220 474 361 251 364 33 4 190 135 257 94
301 324 456 134 458 367 458 330 464 463 128 18 152 238 332 157 322 120 211 451 444 372 72 391 132 217 109 265 372 484 121 294 300 206 483 39 78 235 232 380 91 428 357 287 48 97 175 297 130 449 444 288 487 276 478 118 140 268 94 488 432 149 7 41 176 281 241 303 396 256 455 24 414 395 394 38 178 145 321 198 394 421 128 355 74 473 185 384 496 26 49 399 359 191 290 325 252 91 386 255 355 57 200 198 175 300 58 322 53 296 301 212 236 331 69 486 339 271 54 232 224 61 279 342 241 86 474 61
80 46 148 173 323 147 371 227 169 473 15 95 257 160 443 0 14 279 38 17 169 218 87 205 159 8 145 139 242 56 485 64 129 53 229 282 28 318 397 401 109 51 141 112 14 328 347 317 418 467 412 80 287 444 280 334 41 404 316 362 46 426 222 392 423 8 145 122 9 58 27 49 101 216 378 414 316 224 287 307 252 65 83 249 413 288 273 416 386 447 65 105 356 403 133 384 27 442 493 364 462 76 144 392 350 476 127 278 58 441 304 57 412 488 393 456 421 368 384 291 63 300 496 102 494 365 262 245
276 0 190 218 248 318 332 459 171 368 19 14 381 7 246 9 357 129 497 208 385 214 364 470 332 464 452 181 398 154 425 307 110 145 481 291 305 209 420 221 353 19 23 288 247 484 487 92 109 436 72 145 200 363 30 430 188 367 381 89 435 194 178 54 494 451 281 451 491 444 460 79 8 136 320 234 108 314 345 283 411 251 151 191 170 48 441 205 414 340 185 118 121 453 118 189 240 244 299 143 343 402 113 241 406 98 64 71 483 297 236 184 330 130 49 361 446 286 306 309 17 498 35 85 28 104 178 162
176 47 78 103 181 64 113 91 469 232 79 157 234 487 1 390 241 203 471 210 338 25 401 321 323 187 303 83 477 342 240 264 388 326 249 44 144 110 285 404 46 388 335 14 338 462 165 31 203 446 401 191 198 334 336 254 265 484 375 280 226 186 129 132 210 11 490 427 348 254 37 65 29 242 56 60 32 221 289 113 437 367 28 457 39 28 233 379 392 22 247 160 484 333 55 32 368 456 232 31 447 276 33 460 122 352 122 249 386 353 486 305 15 261 299 42 32 171 410 426 14 129 366 259 116 383 252 371
444 173 51 146 350 499 221 274 3 348 402 419 226 465 322 61 495 149 286 254 371 208 422 171 245 487 76 432 343 111 462 86 240 57 235 36 311 423 399 290 446 196 360 263 494 255 435 312 41 147 327 14 40 102 389 332 83 70 401 173 364 124 457 172 79 167 58 112 230 173 284 148 368 54 237 411 197 258 482 7 196 352 251 51 66 315 330 152 16 84 215 34 421 40 196 254 86 491 208 243 5 384 441 392 4 298 141 333 224 115 55 236 138 291 337 53 498 39 299 230 318 65 81 424 392 143 301 275
24 125 500 26 200 129 116 412 337 361 134 464 465 6 285 289 277 415 305 219 343 3 121 190 389 245 283 218 108 172 439 65 458 450 348 35 139 462 477 127 97 467 275 337 239 400 15 272 208 375 401 301 484 350 340 379 89 72 433 306 298 359 447 54 194 384 260 489 401 418 304 165 135 395 68 35 500 403 335 70 68 19 392 262 387 286 283 466 243 105 359 414 465 188 16 151 145 262 427 146 66 242 113 192 290 7 438 372 156 45 143 61 361 386 200 483 233 366 2 450 410 338 16 111 455 450 157 336
490 333 435 66 93 480 41 453 132 81 164 187 194 242 292 419 364 68 298 102 444 317 433 476 142 469 74 10 36 364 271 232 2 43 404 14 352 127 118 429 277 206 408 73 380 32 37 66 49 361 254 497 322 64 220 182 336 461 282 285 9 77 284 491 76 181 0 340 339 240 259 397 468 115 13 271 393 2 36 444 329 3 211 188 257 184 494 267 494 323 12 87 72 348 80 305 0 316 153 451 100 147 47 337 229 79 272 425 271 439 321 420 485 442 478 26 370 232 207 105 163 460 143 477 453 233 335 498
378 86 308 114 373 467 283 232 444 465 282 386 61 173 265 250 59 248 429 64 225 436 241 129 216 313 220 240 461 490 3 161 339 118 175 405 11 145 407 37 395 41 339 420 454 238 415 410 490 405 172 102 163 52 249 367 35 495 249 290 58 288 366 40 46 321 346 297 289 422 17 208 249 425 311 489 17 237 97 99 1 83 391 228 370 76 381 435 212 286 152 387 473 349 248 282 356 137 308 368 170 84 162 443 161 470 307 493 162 462 417 56 13 132 188 34 170 177 17 447 87 282 101 474 376 312 383 430
41 485 115 483 192 227 8 79 62 295 142 52 0 373 175 461 400 302 0 93 466 167 411 360 49 421 296 351 217 392 477 40 455 475 459 413 405 400 442 444 454 356 198 0 400 447 389 399 491 488 26 450 451 361 291 420 82 333 131 4 175 322 486 306 191 305 139 439 489 204 2 220 172 96 376 453 21 67 130 228 333 99 391 320 358 380 376 249 28 480 461 123 29 100 393 453 344 491 315 399 419 393 383 329 405 65 63 231 229 318 59 198 211 100 315 176 459 269 500 105 375 339 190 60 298 483 166 421
320 109 243 264 118 134 391 430 188 420 466 428 433 141 205 68 416 314 296 153 495 116 212 111 119 333 435 1 265 367 357 150 52 157 174 358 83 112 42 318 265 275 200 173 288 403 213 19 5 112 313 495 361 156 130 497 233 328 108 148 197 183 493 328 257 197 186 206 215 255 466 365 231 421 235 24 481 161 190 31 410 416 148 4 148 233 487 18 138 46 434 12 365 435 54 200 76 64 303 86 72 61 82 228 230 140 400 200 115 330 221 232 161 194 466 265 466 406 342 404 271 99 324 331 38 47 129 390
320 374 350 28 337 209 386 83 331 70 95 492 228 365 337 151 169 455 250 126 204 315 374 270 235 368 145 36 168 139 267 37 191 403 403 14 437 76 152 265 475 106 498 117 288 145 451 436 49 199 55 141 112 470 441 286 78 371 197 445 152 112 167 39 233 345 310 137 315 68 387 342 321 348 363 84 301 294 198 6 93 186 5 160 1 125 162 182 88 94 395 335 201 109 277 499 357 289 399 474 15 339 208 293 91 15 487 370 10 251 244 443 222 6 456 7 410 450 172 347 199 404 331 362 69 273 361 492
328 227 433 251 470 344 230 432 443 469 108 193 114 394 350 465 185 40 451 404 359 31 270 411 434 255 415 274 162 25 204 278 212 96 49 470 14 189 149 136 339 200 291 177 131 223 180 119 278 238 478 352 421 86 488 24 284 361 116 431 458 402 130 101 160 253 278 31 175 467 486 381 101 374 469 30 489 126 382 95 124 247 94 429 364 403 40 490 439 442 305 352 258 369 170 472 275 262 367 107 188 21 179 257 306 261 109 233 400 162 342 477 303 10 207 396 333 91 74 398 348 162 329 319 419 99 204 234
91 221 333 177 183 36 56 289 416 302 139 247 260 204 341 220 324 48 234 49 138 217 287 18 293 197 484 192 337 289 491 114 322 493 461 486 480 468 383 180 391 118 16 256 73 457 286 301 280 465 302 350 74 89 14 418 328 131 332 335 117 456 100 291 277 288 4 438 439 300 213 101 340 51 295 29 60 470 162 412 346 381 394 56 276 175 64 81 300 362 455 187 128 380 302 344 209 327 446 31 179 467 467 82 142 206 45 153 206 173 168 28 210 349 38 287 379 449 80 419 280 305 430 433 360 304 460 465
21 282 229 367 299 491 22 280 158 235 489 332 114 176 198 329 463 78 56 183 69 52 185 240 178 48 443 382 65 483 329 426 323 216 62 330 22 21 422 461 386 403 5 392 238 82 2 365 486 288 292 117 168 228 494 387 282 420 80 225 161 241 162 31 218 92 411 455 161 169 413 486 405 320 214 110 69 462 255 238 38 122 462 268 266 85 160 429 82 373 427 424 149 491 452 404 167 468 61 286 328 26 435 85 464 425 442 33 481 430 394 226 78 455 431 484 337 144 107 104 467 163 95 329 253 160 39 364
381 418 75 380 357 99 0 123 334 471 14 497 385 181 323 402 337 80 484 335 146 321 374 7 234 489 26 332 486 136 406 53 151 373 386 349 262 147 28 96 326 429 69 453 419 412 476 138 130 379 64 92 463 425 281 125 33 13 349 330 10 145 249 338 289 330 276 116 445 349 149 86 467 482 67 255 272 43 478 49 304 436 261 375 174 485 493 4 237 275 439 96 281 495 226 46 107 194 59 99 210 17 409 336 346 248 374 38 375 3 349 398 477 277 159 136 103 431 83 199 211 141 439 367 376 380 338 317
183 84 193 192 473 157 53 127 492 358 20 285 190 365 449 2 23 233 443 31 180 188 218 292 248 322 234 231 460 225 297 355 34 352 96 419 450 72 4 231 429 286 64 50 48 436 251 1 57 421 321 90 108 332 358 373 398 381 132 449 370 102 151 177 205 300 338 359 94 272 110 192 387 199 156 354 310 367 400 324 263 423 250 26 13 202 327 427 106 359 32 57 83 81 35 326 269 310 296 50 495 74 76 113 420 269 190 434 487 231 249 39 208 163 53 263 431 215 352 427 106 474 28 1 27 131 197 24
19 194 150 236 349 257 8 211 13 365 89 46 74 27 174 186 194 100 112 318 225 436 480 256 71 498 355 158 379 8 74 311 413 187 101 65 112 448 389 166 389 428 403 278 137 317 464 16 173 226 133 157 36 126 133 433 343 284 388 378 121 443 362 460 55 139 444 330 74 63 7 377 269 51 276 245 71 163 40 263 61 152 443 453 65 472 130 267 383 17 418 251 235 473 413 378 118 199 448 438 70 397 216 79 298 373 450 149 246 55 87 94 495 391 458 255 247 369 402 254 276 89 469 127 403 258 248 131
378 55 255 148 74 204 188 481 267 74 28 244 291 132 159 102 393 284 39 239 12 493 124 320 172 188 442 233 66 324 153 391 435 216 53 472 125 382 220 380 386 428 454 253 406 367 33 248 47 494 0 457 284 351 157 434 124 83 446 207 87 73 439 272 436 364 306 46 130 460 203 23 476 80 92 150 456 481 327 75 370 115 445 341 120 213 433 123 470 69 19 301 283 323 470 267 221 209 98 339 124 300 264 235 224 207 475 247 453 176 100 324 258 100 88 175 448 309 129 346 122 124 246 328 123 386 43 264
88 422 17 338 362 207 2 117 136 458 331 225 158 162 208 399 45 374 320 232 459 281 366 207 207 402 134 421 355 158 264 106 148 398 109 235 376 157 0 105 71 444 21 302 322 184 376 483 488 337 477 277 273 94 492 215 416 41 345 341 127 234 500 144 457 340 266 327 4 432 195 500 490 147 147 272 349 475 196 196 493 487 409 130 489 49 181 336 492 120 266 178 439 332 189 60 210 373 324 313 1 267 238 482 495 151 120 9 17 468 394 182 49 347 95 11 371 0 360 313 266 479 87 363 163 72 137 253
113 410 426 327 323 14 159 249 358 309 347 138 410 7 135 337 168 181 403 95 76 310 173 498 294 265 220 499 321 266 150 392 349 186 352 406 71 265 113 160 307 388 343 477 222 58 231 50 304 201 494 49 39 120 262 479 435 477 425 361 90 351 349 359 434 347 107 86 244 339 422 67 50 126 205 172 85 450 483 445 130 405 288 7 279 298 255 135 65 69 49 228 224 456 377 249 155 179 339 341 287 469 230 444 152 371 418 379 52 95 59 258 151 87 495 272 298 55 269 386 44 344 344 16 15 129 445 493
477 220 236 414 494 442 309 442 413 3 414 100 266 100 478 166 148 131 388 455 27 18 357 62 34 147 199 355 420 74 410 194 324 142 386 494 310 294 494 246 495 177 187 253 135 123 53 185 199 53 399 396 10 417 152 104 240 393 275 272 443 258 8 40 143 454 381 413 229 371 494 307 8 59 151 441 479 447 409 295 342 287 199 330 173 83 492 236 51 303 190 103 49 134 45 371 139 186 23 152 75 120 434 121 101 357 59 408 170 458 331 161 213 391 121 185 293 484 62 188 265 225 292 379 167 467 139 130
368 303 112 387 332 452 104 337 86 211 481 261 80 117 492 343 421 152 483 359 120 351 273 439 382 34 281 343 238 425 88 331 55 409 307 210 431 29 296 500 272 37 458 312 99 457 409 62 141 137 151 62 145 70 371 170 12 480 82 432 300 423 263 46 143 437 29 261 414 436 420 314 37 474 57 276 173 414 40 262 376 483 33 484 75 409 44 451 400 377 237 1 185 284 398 282 163 285 361 170 335 340 102 23 294 18 258 50 189 57 408 433 89 332 57 0 80 40 305 99 142 356 366 92 293 8 230 96
157 187 87 4 281 12 354 439 243 4 273 11 121 132 367 456 363 367 81 217 324 293 208 365 129 205 476 240 438 89 413 120 169 107 442 24 203 38 231 76 456 199 56 351 258 305 164 418 336 337 107 10 468 457 387 105 81 244 260 189 179 168 92 15 283 355 44 304 128 395 488 42 74 34 366 287 398 223 51 159 334 356 145 233 189 28 394 17 101 145 100 466 311 478 315 175 307 375 235 239 448 274 273 12 495 22 305 399 408 487 308 287 105 302 293 102 358 41 326 470 308 127 111 89 469 272 492 388
61 67 219 80 386 361 446 432 107 188 230 171 432 417 378 214 16 290 193 180 343 274 220 192 399 100 288 393 154 94 186 434 385 0 157 309 41 237 480 313 75 453 253 362 283 369 26 268 294 95 405 154 336 19 488 347 337 354 402 28 9 460 189 224 433 249 214 88 381 192 90 127 8 309 316 459 27 324 141 393 408 378 366 251 476 340 290 419 231 83 195 102 445 310 96 230 49 334 90 400 13 173 37 339 281 480 314 90 57 414 22 90 457 440 90 50 93 62 167 455 324 380 385 273 9 305 288 197
180 223 490 11 328 425 192 332 445 330 84 93 442 139 377 314 85 398 9 329 216 497 348 468 423 358 304 106 47 98 410 487 116 317 303 262 319 328 150 83 200 214 390 315 333 255 182 93 287 429 412 122 390 371 100 465 22 351 389 103 33 85 118 393 317 251 214 338 407 313 232 217 411 383 150 164 431 121 435 496 19 412 286 191 285 120 370 483 20 7 450 350 61 488 262 494 499 168 90 320 160 457 218 329 418 350 296 198 342 162 459 452 433 384 124 106 314 153 30 375 328 150 130 191 25 303 37 320
359 435 177 376 211 64 334 55 172 92 22 386 427 377 128 368 265 240 190 296 451 174 98 458 261 209 443 312 156 473 338 162 35 169 286 199 441 360 61 354 249 394 202 476 158 244 128 7 280 0 330 280 27 64 67 205 446 197 238 54 283 82 445 379 490 402 124 376 497 222 55 412 417 432 323 341 498 239 358 99 382 125 459 430 283 280 39 418 35 0 154 127 86 219 197 129 336 4 365 388 204 86 284 264 134 396 295 209 219 485 499 210 434 1 454 452 318 324 150 54 95 317 115 172 463 47 202 150
466 499 391 284 85 389 0 146 485 383 228 404 437 313 89 122 322 40 343 116 110 84 61 149 358 49 205 449 312 76 460 30 169 293 293 432 380 22 358 393 74 371 129 111 287 383 486 403 154 29 214 481 390 310 195 102 282 27 307 320 224 117 305 301 182 225 93 368 136 210 372 0 53 417 483 125 357 394 157 65 484 104 133 160 62 338 412 7 280 229 95 330 184 170 246 247 85 427 194 475 348 16 341 109 97 450 78 171 427 240 343 498 326 132 14 197 383 474 66 330 361 282 395 290 397 313 229 442
125 192 16 67 237 97 403 395 429 281 261 499 40 379 246 455 224 358 275 61 303 494 209 328 412 144 335 171 279 218 380 121 114 208 201 79 151 202 66 188 92 351 171 163 276 493 373 73 128 5 106 183 170 179 271 286 252 5 1 245 80 169 439 279 451 190 227 246 23 158 498 457 379 370 84 350 254 136 165 204 187 128 235 209 249 317 184 211 108 489 420 490 401 56 25 482 118 119 307 242 387 465 258 86 354 450 296 331 145 87 500 473 216 114 216 404 253 378 36 184 433 303 335 35 313 469 384 180
417 35 10 408 442 75 449 311 325 290 192 342 187 96 494 319 209 87 104 193 419 199 204 145 307 45 484 405 387 287 408 41 454 39 282 138 482 380 141 449 39 106 116 174 50 232 116 250 366 221 312 428 190 176 336 25 282 149 310 496 459 322 51 89 294 79 375 192 446 98 152 250 352 481 186 29 282 434 338 477 137 31 398 194 142 453 482 159 324 473 30 136 114 409 359 477 442 449 182 176 97 179 441 392 210 248 96 2 274 260 377 361 64 254 164 78 218 277 176 454 307 403 474 446 203 54 121 453
39 105 260 208 156 102 96 259 494 309 134 439 46 297 342 174 456 118 92 334 209 279 56 400 387 379 64 129 146 412 125 32 481 31 142 1 416 394 200 117 416 161 411 244 274 130 302 77 252 67 244 364 184 398 497 362 226 3 488 363 341 465 478 258 319 176 388 260 366 494 488 323 57 447 477 127 246 371 384 471 36 381 175 372 405 387 183 352 239 395 442 97 276 418 11 344 339 334 149 110 491 239 158 438 280 101 363 42 402 241 333 434 112 111 128 338 427 167 103 445 266 145 52 39 500 290 52 239
174 96 396 258 452 192 189 255 244 50 344 478 497 172 389 432 229 323 341 289 425 198 415 487 4 364 237 178 377 156 308 9 92 139 396 491 499 225 35 94 217 231 75 495 21 2 254 324 125 37 395 187 317 359 489 293 277 313 247 461 14 29 419 457 66 170 354 58 420 301 125 206 230 227 249 232 206 402 351 176 6 139 377 201 81 421 24 14 338 35 298 487 497 466 80 485 265 345 470 38 147 159 99 321 36 337 195 364 320 351 478 221 261 438 371 368 284 199 75 81 395 150 467 254 416 6 10 97
346 493 304 316 64 192 487 246 145 166 275 43 445 343 80 91 156 73 390 213 344 234 112 223 137 50 363 108 363 205 140 494 118 59 290 153 305 123 433 191 86 355 105 379 270 125 56 157 3 144 436 49 116 205 60 309 376 106 233 448 408 163 449 13 79 213 308 241 363 384 207 257 193 354 329 112 248 157 391 111 3 122 274 239 331 118 120 439 98 410 373 26 339 433 430 394 290 465 416 69 148 118 439 392 378 219 293 334 96 198 78 153 130 487 443 59 35 383 374 144 190 35 457 338 358 69 134 331
371 136 382 275 3 332 120 157 15 166 208 373 390 210 70 378 244 388 363 265 438 391 357 6 215 306 25 311 189 234 464 387 45 166 146 472 126 476 74 209 456 487 17 487 243 187 77 254 184 347 225 220 219 98 223 284 296 336 58 143 148 18 475 396 75 343 128 113 321 221 151 213 62 45 407 496 481 299 381 23 120 380 109 32 304 313 131 353 134 294 49 46 398 176 24 66 108 156 270 407 199 177 24 161 299 350 109 249 422 29 230 285 411 469 129 341 410 204 120 389 243 396 114 266 421 239 186 225
284 35 161 165 322 286 262 223 119 493 417 153 144 209 218 305 38 277 200 281 10 421 144 127 290 341 38 176 335 147 39 493 89 324 231 447 5 6 126 79 194 262 62 468 216 315 185 175 191 427 411 32 42 431 483 246 8 56 18 11 231 466 154 133 313 437 312 119 438 437 91 225 414 31 378 266 423 16 381 75 96 165 107 157 72 253 278 32 197 276 234 271 227 265 203 348 317 274 334 217 68 207 322 166 284 279 360 177 217 139 72 316 388 278 137 106 219 483 175 264 163 69 241 224 464 348 344 260
171 358 182 359 407 221 310 354 100 273 463 233 259 37 59 102 387 225 253 405 73 201 137 200 90 73 429 81 398 493 4 13 451 290 339 276 422 163 284 344 96 439 314 364 320 100 209 435 278 279 351 156 417 149 174 155 52 230 330 220 143 198 393 278 326 69 95 53 167 256 49 345 198 192 213 97 471 178 243 216 50 117 429 186 255 69 31 393 34 341 402 174 75 383 141 121 123 216 91 134 23 186 357 4 55 333 308 362 35 435 85 274 394 314 483 20 475 32 389 460 341 438 38 71 17 312 174 149
383 311 447 367 311 441 228 61 486 169 452 392 376 384 67 175 123 400 247 400 431 59 167 460 173 166 88 283 204 9 70 264 119 314 203 480 36 195 395 499 177 420 394 407 107 385 126 81 260 46 210 430 202 480 148 317 170 332 484 477 299 202 202 54 157 278 118 16 410 449 333 60 185 414 109 274 452 398 359 61 58 229 365 326 207 33 177 189 216 377 99 198 487 400 389 47 458 204 488 45 76 180 270 8 77 257 399 316 448 235 396 81 373 133 6 411 242 246 292 162 96 289 365 447 439 311 122 80
21 234 369 140 2 54 359 457 443 422 496 26 145 81 105 277 4 10 126 444 266 253 235 265 357 455 493 367 175 494 379 103 75 462 161 173 335 380 392 177 204 215 267 348 151 223 323 43 66 427 182 444 110 404 353 246 378 407 406 474 206 88 39 11 426 106 183 407 419 4 211 283 190 371 113 322 250 174 495 434 498 440 458 455 60 63 60 356 354 26 457 92 408 34 94 267 443 74 355 59 367 496 288 83 349 48 7 444 452 492 197 181 271 399 337 302 121 432 313 325 411 87 37 360 408 189 432 420
310 478 382 385 114 25 417 442 405 135 207 115 326 45 339 122 324 215 343 171 102 243 396 382 41 398 322 428 364 383 360 17 193 173 180 231 143 215 47 358 56 382 131 421 254 246 10 33 52 175 89 316 398 475 137 122 403 372 251 330 240 166 424 131 69 29 180 191 37 215 4 299 371 135 125 20 225 257 106 380 165 301 220 160 71 44 249 35 466 289 386 94 441 184 345 177 353 127 298 269 372 276 411 152 497 395 379 304 465 449 451 179 255 198 169 94 142 16 91 109 405 417 81 154 315 470 177 296
64 486 382 129 211 477 128 376 135 234 169 299 196 392 171 19 492 140 175 250 240 467 365 234 343 173 102 233 384 363 423 493 253 136 187 74 479 493 286 384 191 479 353 262 64 83 47 255 462 458 1 2 375 216 123 494 16 207 15 411 268 411 90 220 119 467 424 381 54 177 144 380 448 221 167 463 219 412 242 136 10 271 473 262 12 250 268 414 348 479 81 197 209 28 408 297 231 123 224 486 499 179 281 98 17 77 287 24 100 80 396 181 345 378 231 92 243 467 287 160 292 459 12 14 181 304 96 331
134 478 262 51 91 282 79 116 395 489 64 291 78 398 354 39 139 252 229 73 43 249 271 283 175 29 54 399 414 437 299 245 133 356 24 367 321 1 90 61 275 399 193 141 316 400 151 292 266 126 177 4 90 41 294 77 461 124 356 300 479 156 65 481 196 299 253 62 54 445 426 223 83 115 324 314 376 299 495 240 24 276 51 44 181 100 287 488 329 465 463 239 281 374 228 165 46 176 27 328 79 426 291 378 441 115 245 182 484 6 312 176 384 304 245 188 115 19 400 440 390 152 427 317 108 24 283 128
117 416 234 107 378 478 383 406 416 292 8 368 27 347 483 434 382 425 244 361 90 233 144 323 484 290 426 203 351 387 276 286 489 84 115 224 421 330 344 400 182 190 6 416 46 275 469 319 106 420 27 33 194 33 42 18 453 250 185 108 63 423 473 403 49 74 261 116 17 374 437 51 256 450 244 1 251 247 0 52 128 79 117 487 352 15 35 475 68 28 349 272 323 0 19 270 491 132 257 282 88 214 67 210 369 73 228 311 285 330 344 79 461 477 95 366 123 14 482 270 411 494 159 188 329 82 128 59
468 73 369 204 8 152 327 73 486 98 307 489 155 403 15 215 470 266 390 145 375 446 418 84 129 458 212 343 224 421 278 370 141 146 494 0 453 216 413 2 447 113 125 245 117 121 174 427 264 277 198 387 393 135 344 459 167 434 24 390 101 213 181 303 88 185 192 369 241 16 437 62 458 252 330 235 148 102 34 388 359 481 347 45 167 144 455 41 457 367 403 455 440 173 450 267 245 159 171 91 374 141 151 238 222 240 51 205 341 303 210 112 142 316 168 295 28 259 380 173 68 410 194 348 335 349 205 432
