16
452 142 170 127 180 59 247 223 49 204 103 403 24 124 221 334
160 87 494 93 436 54 397 383 360 404 264 316 324 435 14 175
126 125 74 184 396 245 358 49 153 440 216 38 281 218 316 77
211 433 205 446 364 218 485 223 350 419 243 129 360 403 261 457
96 479 377 162 184 216 343 179 192 447 152 210 225 199 231 496
69 422 401 176 428 19 139 284 379 198 286 71 190 243 254 208
445 196 58 402 491 405 190 129 469 83 402 401 341 22 243 135
158 389 49 300 368 335 55 262 421 90 463 82 368 415 69 222
196 403 450 159 102 16 391 379 59 238 305 142 330 81 385 332
483 448 210 331 108 169 495 4 324 155 308 411 486 83 275 380
186 460 494 333 225 482 198 53 229 358 97 215 396 367 449 81
72 391 485 472 80 385 500 181 457 30 270 56 246 160 68 33
104 111 277 174 416 124 156 312 117 348 68 107 41 349 297 478
89 379 334 286 311 331 417 17 51 368 397 49 451 191 490 365
328 436 316 320 104 372 303 412 238 426 170 50 231 126 473 107
397 340 106 34 472 265 242 493 307 479 27 242 231 425 173 328
-
331 101 3 279 10 235 23 348 79 343 47 306 119 40 493 264
114 105 119 122 371 350 264 340 47 467 72 292 335 110 44 486
190 86 398 357 61 426 397 351 35 54 80 327 271 447 97 412
17 376 206 164 6 241 155 84 51 369 317 313 386 161 212 248
64 71 25 253 458 469 219 235 157 188 15 309 225 484 6 496
24 2 56 157 334 205 249 245 414 357 429 413 461 384 12 420
384 435 474 202 56 353 20 489 105 231 292 494 380 215 494 394
388 420 256 417 335 24 340 144 222 317 487 46 84 272 349 27
159 496 174 495 418 332 276 444 7 379 308 103 429 473 293 101
339 472 450 208 455 267 4 279 292 396 150 107 386 461 439 215
121 104 478 251 79 202 489 286 334 119 313 16 9 235 361 272
181 357 58 302 192 179 55 331 188 391 240 306 155 93 271 298
4 91 326 39 256 214 2 294 137 164 461 310 284 407 481 390
46 314 495 326 283 67 403 463 267 349 143 131 82 379 106 174
402 303 448 162 306 422 381 135 327 221 33 474 130 465 132 321
320 31 229 140 36 405 402 365 379 25 493 101 77 247 338 126
