32
161 269 120 339 17 61 447 195 232 98 131 459 196 14 401 452 158 129 418 180 267 384 272 159 279 451 334 268 373 457 287 83
467 360 405 280 6 474 150 342 482 472 60 209 255 99 356 90 283 201 105 437 375 159 5 407 95 359 341 220 47 277 68 177
76 392 224 81 481 332 498 498 410 153 469 301 10 66 354 366 123 483 220 435 166 289 41 76 313 120 430 231 410 382 43 204
102 241 180 159 441 244 61 411 232 153 462 398 463 245 211 490 375 11 155 166 475 260 216 294 214 84 354 463 293 114 447 178
200 216 247 41 85 70 150 68 396 55 445 374 241 207 182 357 288 125 404 299 464 234 399 95 104 228 128 232 287 279 144 33
355 248 246 26 223 140 213 279 393 214 222 350 147 261 97 21 419 135 410 67 432 250 164 473 457 240 301 458 486 72 140 144
135 32 160 132 228 379 296 31 428 289 325 17 433 209 269 194 149 26 409 352 206 407 338 301 46 44 86 4 391 21 232 55
208 263 211 490 274 291 141 493 244 202 237 55 59 35 178 419 234 112 304 479 33 8 264 2 28 494 278 394 156 295 391 392
163 444 154 444 295 203 271 271 254 499 409 320 490 282 80 229 309 142 398 210 230 133 462 365 245 299 127 374 494 394 378 5
79 194 179 271 470 35 5 106 463 103 69 267 14 469 53 69 405 111 258 68 326 40 443 120 388 381 84 153 54 455 263 133
254 196 467 464 26 56 100 121 150 265 483 380 426 350 302 485 482 48 267 28 456 262 470 276 196 259 114 141 494 341 230 462
218 144 271 202 157 219 138 112 295 443 403 8 164 297 383 410 53 206 91 40 24 140 349 74 287 183 247 267 345 371 266 498
343 198 142 128 372 1 430 28 339 225 154 58 18 378 364 50 52 315 422 234 258 210 273 463 387 268 145 481 22 263 45 270
432 449 234 432 90 178 361 440 324 124 190 279 222 42 239 95 396 190 265 112 288 24 310 314 147 255 273 149 220 122 179 458
498 355 292 444 251 199 359 144 166 48 60 54 95 395 6 67 143 414 493 422 32 274 76 133 86 13 31 25 71 52 150 433
431 337 426 395 77 146 146 178 486 120 341 158 2 350 354 231 310 144 227 266 319 371 434 275 250 457 198 225 345 111 238 137
399 261 188 141 241 394 487 472 403 326 499 322 496 308 9 358 374 17 142 246 244 117 265 458 281 409 349 165 191 266 450 250
159 307 312 472 166 439 332 111 25 299 41 181 15 150 31 445 346 441 300 481 61 396 281 16 14 185 249 94 455 355 42 32
455 16 356 286 340 193 53 26 359 406 232 453 250 262 382 341 419 418 292 193 90 185 490 176 101 500 292 182 161 19 191 256
31 398 373 36 351 410 469 343 77 433 60 88 123 161 203 201 278 478 41 435 27 230 340 222 22 450 136 308 152 378 252 178
85 275 225 395 184 151 455 299 327 453 131 399 198 253 203 230 336 459 80 84 381 61 137 275 366 321 215 212 183 347 304 16
367 263 195 335 79 189 131 206 86 195 361 480 33 122 478 248 68 71 123 280 397 313 356 159 334 364 253 182 213 112 118 442
92 56 16 351 428 362 442 340 377 97 197 335 211 145 140 427 13 128 493 99 63 327 358 456 56 393 324 485 475 205 286 484
191 359 16 156 83 87 398 417 323 389 298 392 232 377 13 75 43 30 17 303 127 27 417 298 42 390 472 121 289 214 308 97
142 247 305 272 392 17 26 218 157 236 96 63 487 406 283 149 102 244 349 157 105 490 246 372 268 393 375 324 263 193 12 286
251 158 318 145 500 146 271 383 133 98 486 42 205 447 47 489 460 273 211 34 96 471 316 182 287 225 191 81 270 461 284 184
67 468 365 164 118 465 45 33 290 246 318 351 23 383 230 437 90 351 271 249 66 30 232 375 439 472 325 116 268 231 196 360
355 284 156 419 431 345 86 462 127 317 468 160 17 329 458 194 180 455 69 492 420 240 442 431 475 233 369 288 7 219 356 154
334 58 205 359 11 24 236 168 50 289 224 141 287 237 496 225 55 323 369 96 222 96 266 454 350 444 220 380 460 353 107 121
462 5 373 59 150 81 252 215 5 331 349 361 481 179 486 362 333 4 388 337 474 478 488 199 127 178 287 429 210 12 247 33
385 384 345 207 348 304 124 283 291 103 41 160 57 500 456 205 314 387 236 334 250 447 364 472 284 269 157 64 215 424 453 296
187 450 133 180 464 343 72 231 50 160 115 380 485 471 181 492 439 43 28 45 315 304 198 148 380 303 112 338 258 179 174 70
-
217 43 117 77 144 438 246 239 498 350 321 81 463 135 204 492 312 24 434 194 350 406 371 284 221 453 354 464 254 48 390 351
81 431 33 448 101 311 324 285 66 135 482 461 160 226 289 226 171 456 74 460 272 281 461 261 182 180 479 308 370 321 420 479
212 255 334 153 7 308 427 321 10 247 284 356 247 445 195 480 359 251 13 65 462 78 95 455 30 63 325 334 140 90 142 58
390 167 174 42 424 266 190 8 222 344 363 431 112 469 241 190 21 111 413 220 325 19 436 330 279 465 193 280 361 133 221 367
109 44 472 428 431 51 105 277 75 57 437 221 439 461 320 280 144 318 408 27 246 478 459 339 328 23 346 484 23 128 259 400
78 217 276 403 162 187 91 166 70 491 127 140 488 499 324 75 16 232 116 369 159 134 157 325 24 61 276 469 320 381 106 171
256 360 72 252 51 74 191 399 205 457 419 258 312 283 31 79 491 5 243 55 318 180 202 188 153 353 32 105 152 462 350 34
130 265 85 470 203 18 55 362 234 337 398 291 252 475 192 359 438 232 334 201 188 411 66 232 191 384 349 151 384 333 226 125
235 216 150 124 185 378 231 170 470 214 315 370 394 341 19 374 98 60 409 410 484 370 234 304 109 33 317 215 412 307 373 394
254 468 419 135 242 230 438 396 268 11 234 303 373 499 437 257 493 98 37 271 151 393 104 241 437 210 406 393 211 457 71 209
64 344 413 415 22 135 128 365 313 306 211 244 314 424 280 133 12 7 478 384 357 215 345 146 17 371 93 449 286 199 380 87
293 494 447 329 339 138 293 467 145 410 331 328 426 337 411 25 472 261 16 11 445 177 38 150 157 121 132 345 363 279 30 184
186 213 323 66 181 494 445 475 88 473 500 375 233 50 340 108 38 121 96 203 179 99 176 190 438 423 483 440 114 426 267 337
135 286 427 87 405 315 445 400 500 61 273 402 176 81 294 370 449 223 194 141 22 473 363 246 53 137 192 42 70 419 222 220
279 22 279 24 264 220 16 102 90 359 500 286 134 275 409 1 469 375 122 72 33 113 283 483 114 276 488 304 456 289 451 258
77 113 297 160 349 153 264 286 197 216 151 153 423 452 472 289 145 7 496 472 382 108 405 46 243 458 265 357 467 76 418 56
28 460 451 337 208 0 460 215 393 148 387 93 180 97 250 405 177 193 53 24 358 36 18 275 124 115 328 17 433 18 264 293
297 5 98 497 287 413 250 265 169 327 123 259 211 313 373 109 286 337 288 480 51 271 328 95 395 459 456 137 480 368 10 372
497 406 320 208 235 238 98 342 386 254 87 383 457 62 293 192 57 492 494 240 454 408 184 28 342 317 241 225 131 117 64 349
235 186 345 308 211 195 193 281 238 36 120 281 262 265 440 205 172 105 399 140 96 119 75 382 21 363 111 248 395 361 394 423
296 205 97 432 444 117 495 107 429 384 396 115 214 365 31 183 484 122 164 123 111 126 121 57 153 173 448 7 69 179 97 365
397 309 280 327 320 28 343 461 365 70 301 435 53 183 293 378 233 258 173 449 421 466 291 25 305 89 133 214 314 466 125 231
284 336 114 167 113 410 291 493 98 210 35 169 438 137 354 444 375 415 97 200 152 483 161 361 33 278 390 9 303 365 432 116
470 37 428 306 470 213 478 450 294 424 239 457 380 159 110 348 90 97 53 11 247 287 468 170 87 179 154 249 65 468 310 170
12 95 111 49 436 194 494 391 487 261 232 247 312 480 139 467 373 151 154 320 317 316 400 248 172 156 286 127 412 441 123 284
44 158 404 266 183 353 40 241 355 342 110 332 336 43 423 305 483 0 38 243 450 9 383 276 11 131 305 335 401 458 215 95
369 194 422 326 102 357 244 215 349 128 345 238 475 279 158 410 328 431 319 174 16 220 364 422 138 432 30 192 189 390 227 473
127 206 21 500 289 135 126 230 59 462 259 238 44 176 481 272 298 285 436 184 192 238 434 482 444 478 35 187 322 65 216 387
336 404 185 66 309 258 196 166 367 127 57 217 247 209 68 240 183 356 168 125 115 210 301 254 474 264 102 278 115 223 5 265
344 170 454 78 192 281 179 108 466 269 65 223 30 227 324 110 5 105 182 359 27 148 167 301 220 240 15 321 73 315 418 296
401 207 205 127 170 164 140 128 282 101 467 421 195 209 5 371 375 494 74 369 98 161 464 222 108 481 307 41 41 406 139 479
136 219 33 172 11 451 295 116 404 349 79 421 427 211 381 264 181 102 164 174 360 369 214 189 317 146 190 181 374 376 297 367
