64x64
65 55 100 325 318 476 394 224 131 371 269 9 267 57 446 20 158 356 30 313 107 439 487 386 187 277 175 455 466 87 150 71 406 36 131 81 448 407 335 379 300 465 406 72 270 78 481 291 120 399 49 372 119 19 171 421 344 150 353 300 242 147 333 386
38 8 4 38 225 178 197 55 61 430 298 400 290 264 25 168 304 321 376 263 443 278 266 41 405 339 461 27 80 77 195 412 472 338 467 15 448 380 407 474 286 350 187 456 345 228 25 359 344 45 79 66 409 115 292 179 20 383 103 87 277 185 69 322
137 488 266 108 454 10 450 375 271 220 152 101 177 421 370 182 485 230 21 97 356 411 393 26 303 131 455 238 297 289 104 39 32 257 168 361 215 418 168 220 149 362 155 342 354 498 52 248 64 241 214 211 429 459 204 473 101 287 32 240 486 14 261 172
372 15 188 478 47 436 439 97 118 500 49 304 334 242 437 387 123 28 114 399 370 81 77 231 450 400 37 332 10 238 234 254 49 176 157 256 81 463 44 216 358 477 402 262 89 207 460 268 121 333 37 50 403 113 309 187 213 46 419 262 93 154 161 304
241 70 240 11 310 426 42 36 408 224 212 55 367 171 99 74 209 222 477 266 295 452 80 500 401 49 437 261 407 349 27 205 150 437 140 391 23 324 107 29 145 353 285 156 160 123 392 401 277 408 216 58 310 188 345 468 1 255 4 86 238 216 11 362
307 317 78 250 344 137 212 40 212 97 70 329 255 156 132 384 297 129 45 306 278 2 426 495 304 416 4 388 360 48 387 324 174 39 301 25 174 377 72 148 167 453 105 208 349 15 19 102 51 354 27 149 455 419 389 372 416 15 245 175 216 296 482 43
172 374 354 241 132 16 436 189 31 394 10 477 106 31 217 267 200 38 145 258 357 89 387 85 119 86 193 174 185 203 370 159 39 196 355 161 423 264 242 403 26 297 192 385 101 210 151 199 469 128 49 262 107 476 133 339 156 338 416 431 110 264 142 360
255 188 122 14 369 82 83 467 279 87 311 132 224 480 215 149 496 432 116 413 254 65 2 116 170 452 389 488 331 433 69 391 193 219 331 122 32 203 490 447 394 414 295 488 208 148 73 327 283 391 53 174 399 359 471 96 290 71 366 465 127 78 202 296
123 363 460 235 362 193 36 388 390 388 167 6 487 144 306 377 158 327 464 33 242 416 122 17 271 257 113 402 417 195 23 13 80 441 237 387 429 416 31 259 124 288 442 214 389 313 187 467 194 248 373 360 311 214 456 495 152 421 194 262 117 65 139 340
62 417 487 7 128 365 370 85 352 469 494 139 188 415 494 148 467 310 268 353 191 82 487 166 447 488 337 259 134 146 128 342 329 136 295 266 392 446 322 377 500 396 497 307 483 174 391 312 58 222 15 364 85 398 341 146 333 160 205 51 427 303 233 337
145 220 162 130 102 141 72 332 223 68 265 433 349 294 150 283 404 12 194 71 278 141 416 60 456 205 450 32 342 148 345 341 221 58 21 287 271 408 274 372 127 100 92 364 226 201 211 227 16 173 199 441 450 143 386 498 101 309 385 345 491 67 381 397
494 23 193 275 396 330 266 159 61 294 281 442 202 448 429 465 224 80 381 363 172 497 254 36 31 357 483 135 203 482 409 461 96 397 146 232 345 458 395 166 288 292 316 295 197 53 297 317 238 423 145 86 45 142 18 396 105 404 373 317 461 98 350 417
153 452 483 223 463 146 68 310 218 318 60 438 490 179 312 82 286 41 344 129 227 94 52 214 257 442 478 476 115 17 219 499 247 87 218 431 357 289 419 161 160 254 290 189 241 164 125 181 70 417 394 454 293 173 439 45 192 256 272 363 161 71 37 385
78 326 94 161 171 493 186 337 50 233 323 70 310 351 30 473 235 63 141 469 446 230 15 100 41 206 353 275 298 187 109 493 471 74 421 331 51 367 453 333 82 101 251 387 464 115 486 140 19 435 164 500 380 286 110 290 233 335 40 388 291 31 53 45
242 233 193 176 196 56 351 242 63 38 281 489 346 268 29 457 348 293 433 177 474 470 269 471 419 252 278 211 290 7 361 444 322 441 392 228 85 349 491 443 302 292 251 310 398 101 322 214 356 82 68 484 391 67 212 30 260 238 246 27 51 160 310 45
18 200 30 177 482 247 413 232 212 39 394 446 488 67 486 360 397 197 364 105 374 28 219 41 330 256 391 83 151 173 495 132 267 97 14 223 209 308 374 308 488 123 126 70 94 298 267 254 81 171 65 500 144 488 173 234 313 456 249 456 297 61 225 161
134 326 429 369 136 462 464 396 449 484 258 320 300 334 381 500 476 458 59 366 463 319 243 103 257 477 418 266 186 328 105 59 170 1 271 226 17 431 112 37 80 25 324 17 216 307 426 225 2 40 282 230 423 293 71 34 432 366 232 469 290 178 46 337
419 453 26 483 342 394 225 210 408 83 120 70 11 171 81 361 374 20 260 307 25 310 318 279 416 4 138 173 483 74 440 478 377 128 81 35 270 424 275 269 96 115 265 255 188 210 35 56 295 25 448 302 9 96 381 395 329 73 19 12 158 389 425 26
402 232 488 413 210 461 17 222 126 441 104 52 127 152 70 222 173 350 258 99 188 169 426 8 43 285 394 337 82 237 7 285 295 212 25 12 82 90 282 233 104 378 19 436 1 255 485 299 274 297 454 233 326 309 379 324 242 264 256 172 50 415 32 477
349 410 341 287 150 32 108 420 10 348 351 442 284 213 60 364 2 448 254 345 83 229 365 373 43 164 95 271 410 495 495 307 15 71 478 64 426 398 9 346 284 4 361 194 256 480 304 122 229 470 499 309 175 139 440 196 491 15 102 61 292 398 170 180
254 35 57 457 120 257 136 314 405 127 147 345 149 252 350 191 194 452 307 16 375 122 71 415 406 390 201 492 94 229 231 448 151 35 22 478 432 63 9 23 247 230 447 13 439 63 93 197 256 344 355 149 18 335 152 153 353 358 394 467 138 248 229 448
206 111 302 457 291 249 86 214 316 13 334 289 136 253 376 368 27 51 205 479 306 122 341 68 227 97 85 474 258 58 34 46 134 378 432 203 367 213 215 359 258 312 58 105 222 70 326 334 319 481 223 409 41 218 188 332 278 229 232 387 159 376 403 154
297 138 294 390 39 219 343 324 423 132 227 201 175 433 344 222 18 409 301 13 101 75 78 125 166 365 265 449 47 254 333 397 266 478 79 100 445 455 61 161 425 50 341 277 493 10 391 464 6 299 266 124 60 153 120 407 42 35 254 453 91 495 135 193
125 272 302 106 414 264 369 59 1 211 283 362 5 361 307 482 33 370 89 325 304 154 238 337 293 116 384 318 155 33 32 90 105 428 53 217 160 470 224 223 387 311 451 441 347 472 243 394 83 199 405 403 451 479 142 359 5 319 25 38 187 230 80 464
455 260 388 418 392 90 4 465 290 320 14 177 285 184 232 64 28 397 436 214 158 183 334 218 129 433 143 356 308 152 379 361 51 450 56 427 38 489 309 102 302 125 345 495 176 186 78 483 233 200 183 113 480 273 433 439 181 87 159 379 319 106 84 498
396 285 127 294 425 307 301 32 287 17 283 444 211 287 90 225 131 239 301 164 190 190 12 332 114 306 433 255 136 483 84 200 421 217 386 274 312 492 258 293 343 69 56 64 112 335 231 184 252 8 392 340 294 321 363 310 150 369 338 105 315 264 82 447
296 254 440 47 428 154 493 425 296 463 311 315 69 255 267 453 333 107 371 90 284 275 54 238 460 210 473 457 175 280 253 55 25 464 366 175 265 383 21 8 77 402 197 170 273 73 292 27 364 190 485 413 377 200 378 129 5 230 270 342 89 473 119 26
156 330 403 11 216 375 249 224 114 6 286 386 289 241 92 97 157 459 221 7 165 270 329 312 443 292 99 115 445 20 439 125 374 172 381 146 136 431 343 154 105 211 455 191 253 399 10 150 305 107 64 70 487 322 437 238 44 416 317 476 362 422 97 261
235 407 124 82 408 349 344 282 223 490 140 353 140 116 433 492 64 285 189 500 344 238 403 385 478 398 476 440 82 348 267 488 440 39 0 122 360 278 15 116 323 262 484 418 66 166 476 409 368 315 55 499 214 216 309 430 351 296 342 259 242 320 498 274
213 191 262 37 279 116 264 210 266 101 208 362 326 285 193 59 34 272 476 395 267 106 138 33 397 175 258 127 2 37 264 4 490 38 235 494 239 158 297 308 199 282 90 372 187 186 345 368 310 126 373 26 0 163 397 417 54 96 235 261 102 140 366 42
289 20 397 324 288 94 264 112 194 256 340 154 178 454 331 444 368 200 196 194 264 95 232 26 91 358 178 99 494 273 334 300 121 211 78 101 192 206 367 37 140 372 178 455 459 61 204 496 286 463 184 447 14 369 160 225 27 272 309 206 25 69 282 100
487 459 238 144 10 475 289 42 385 431 209 197 437 166 214 400 42 282 399 70 213 315 419 494 84 489 196 206 320 357 499 316 498 188 254 327 461 46 271 132 321 144 335 356 292 95 161 257 152 14 224 79 102 304 459 324 392 333 258 279 82 350 232 172
136 423 287 16 60 436 254 138 330 32 435 180 73 316 138 497 302 178 40 178 131 239 398 102 184 160 76 209 296 431 89 397 440 16 367 201 168 415 3 378 121 85 301 229 131 194 327 103 143 446 335 357 498 54 384 444 134 475 198 424 340 13 296 164
302 274 169 414 427 496 273 419 467 26 8 115 71 410 356 214 453 475 495 425 73 63 481 18 221 218 274 247 50 400 330 279 291 391 109 490 139 120 387 263 20 388 310 99 276 405 50 327 455 242 245 88 192 167 350 268 33 328 206 250 42 446 376 466
391 157 421 45 464 432 467 310 23 47 415 290 476 453 113 37 376 326 197 492 289 32 280 84 29 318 115 130 257 73 29 76 263 482 68 199 437 162 476 208 466 24 63 67 211 413 229 299 272 307 246 441 480 41 84 374 36 132 407 385 445 144 195 406
119 360 52 18 377 138 380 223 180 271 189 133 279 300 324 75 481 437 257 44 42 381 145 172 62 117 451 23 74 297 94 310 453 404 89 472 334 175 42 207 64 232 393 378 242 262 27 303 274 269 151 272 229 488 239 232 357 91 98 170 271 183 466 420
479 355 192 199 79 220 259 477 453 493 417 445 488 117 246 81 447 430 366 179 482 391 361 372 438 10 410 327 197 343 45 350 213 301 258 232 458 34 447 181 8 370 217 177 316 297 389 324 493 233 69 490 269 143 436 286 30 440 489 181 360 379 363 136
196 130 325 112 496 181 240 35 484 339 457 196 458 434 274 210 36 276 121 442 187 82 131 83 51 73 442 8 357 276 334 393 344 409 96 489 137 218 325 136 378 472 144 350 455 219 193 30 240 398 23 3 392 487 417 290 238 444 342 370 431 8 118 380
111 338 453 17 361 56 133 247 245 268 255 93 284 131 316 395 493 468 349 54 477 337 469 395 348 147 429 369 439 3 457 338 250 197 183 444 155 44 137 315 411 26 113 465 416 414 326 368 347 355 304 43 475 281 77 42 209 383 490 23 390 100 224 483
65 437 431 111 310 146 260 322 351 486 33 238 64 483 254 315 407 306 266 52 8 167 424 49 288 19 253 315 398 330 321 356 441 304 23 121 115 289 372 460 246 451 84 249 458 46 261 213 52 277 493 150 152 153 489 64 141 195 189 310 285 355 169 334
131 348 254 93 208 407 106 379 142 449 63 112 15 48 15 453 19 223 440 63 49 365 489 339 261 259 122 247 233 138 33 388 210 56 240 62 123 175 371 489 341 470 164 230 166 75 493 374 276 240 149 1 338 57 60 282 89 185 199 147 293 355 39 225
476 334 402 124 302 411 306 402 327 325 135 9 151 187 81 384 263 156 357 51 272 228 330 203 422 291 231 242 413 48 367 338 364 148 438 112 116 166 10 298 252 477 309 454 391 456 312 111 126 177 224 0 196 38 398 333 109 286 28 123 361 99 42 274
20 1 105 444 131 283 411 321 469 168 84 119 387 329 430 248 354 91 243 126 142 203 235 120 412 124 368 316 183 146 151 472 95 173 448 174 471 335 147 47 38 240 325 38 337 158 133 229 452 395 197 300 164 176 21 244 134 376 332 74 411 85 140 486
127 200 2 245 230 291 65 415 175 406 470 98 94 275 410 489 178 246 260 94 23 346 326 341 182 448 343 323 18 470 6 363 77 368 119 262 442 116 383 23 166 264 458 111 0 196 66 261 156 328 332 254 97 40 266 438 41 162 154 194 435 487 176 161
347 300 41 22 398 191 125 276 312 152 376 60 234 430 309 172 256 264 437 429 406 327 161 479 499 67 120 282 465 385 422 151 209 448 304 257 181 242 451 4 177 339 292 69 7 490 87 354 294 433 9 319 6 276 194 157 250 267 448 183 256 359 303 398
352 399 328 349 39 486 354 421 444 386 141 127 271 126 389 452 466 458 493 246 116 179 222 304 392 71 13 12 324 217 416 440 17 448 264 417 45 60 308 429 91 137 222 468 93 109 140 11 341 40 174 131 54 375 417 114 477 282 185 229 152 99 111 313
461 81 144 436 332 449 451 151 490 132 371 55 489 36 436 453 231 128 84 354 94 200 344 185 498 456 176 404 381 364 44 258 347 166 73 184 139 251 99 321 270 80 237 174 138 250 374 286 324 187 167 156 181 274 162 410 28 6 356 83 421 454 397 44
418 314 373 183 265 36 302 320 320 500 74 207 104 15 426 429 316 89 82 286 319 334 416 5 341 369 384 114 419 202 163 46 136 476 283 215 364 495 500 486 169 6 14 391 331 188 22 500 145 332 161 130 122 4 493 451 45 448 200 145 468 58 496 425
383 441 332 386 36 370 168 31 438 171 495 465 115 228 308 154 66 382 194 494 7 431 205 327 200 420 229 401 240 385 3 134 458 92 325 228 303 145 167 390 485 23 117 431 471 383 389 165 298 198 127 8 246 200 329 434 282 200 296 252 362 111 314 488
436 31 17 34 377 230 407 175 376 408 16 391 375 311 215 220 489 305 96 480 225 28 293 174 181 61 186 37 117 368 25 342 191 62 440 82 476 335 274 324 111 95 25 425 92 387 209 32 86 124 131 368 35 375 391 75 364 149 307 255 419 441 71 212
188 205 159 364 391 240 136 61 84 61 124 291 144 330 483 126 73 169 221 162 155 87 101 233 225 323 379 401 273 495 319 322 243 141 190 194 352 49 66 497 93 419 46 193 212 435 5 81 477 464 481 266 342 38 125 475 39 15 328 460 297 160 420 92
481 443 150 9 173 317 81 414 424 443 87 115 321 10 352 333 416 65 369 247 379 10 221 112 338 135 477 257 143 120 265 303 396 246 180 308 45 15 453 104 365 395 339 128 395 366 409 146 354 323 54 441 28 280 398 221 93 172 48 357 401 409 212 241
296 449 490 456 4 340 160 1 39 165 398 91 207 64 156 115 78 123 47 1 35 325 315 440 111 145 370 109 428 290 322 24 54 88 13 44 334 486 84 195 273 33 316 253 280 416 285 66 91 76 392 307 146 183 435 421 102 232 350 84 265 135 412 114
496 247 12 480 457 238 260 174 103 181 47 290 391 134 278 52 407 55 46 392 389 206 276 84 86 162 5 302 253 55 113 283 380 66 128 65 312 188 263 229 393 3 401 284 41 365 482 349 491 148 133 249 380 121 101 280 226 135 66 391 132 406 6 457
383 243 186 163 492 336 416 368 287 336 317 304 480 372 213 108 311 417 49 146 383 261 152 377 440 498 71 136 212 9 92 265 477 111 164 371 28 232 244 196 475 150 275 287 454 215 372 333 41 277 217 479 257 367 38 195 253 263 54 464 249 121 172 337
452 171 344 357 238 385 149 302 314 164 496 3 352 198 388 206 389 28 464 163 30 355 256 93 41 357 470 68 291 274 461 343 495 24 313 6 286 76 495 8 164 368 380 186 399 174 352 59 275 289 319 48 208 352 312 156 187 141 121 297 362 454 415 131
433 73 331 83 249 443 63 339 220 288 176 190 479 185 209 282 55 312 33 385 130 369 301 63 166 245 289 397 41 74 414 158 463 284 117 198 154 484 190 275 206 40 45 294 193 175 433 487 301 251 417 78 487 288 146 147 445 349 494 235 99 49 213 189
54 37 76 70 199 421 380 62 277 372 435 372 10 408 39 464 216 46 258 19 177 140 434 269 489 303 344 179 60 364 352 30 283 471 351 164 442 143 472 127 369 478 159 301 165 458 217 441 434 275 11 439 157 112 40 336 172 179 13 136 160 188 411 128
8 113 250 195 437 432 277 105 196 374 328 16 71 98 462 313 175 153 452 321 356 434 380 274 138 371 149 468 190 105 410 37 62 304 135 52 241 2 376 144 90 267 15 379 445 308 386 314 369 307 133 89 332 421 200 227 288 24 254 244 323 157 278 168
192 332 372 317 125 394 151 394 325 493 60 227 59 189 340 113 341 380 163 56 351 224 122 317 174 132 215 462 470 389 226 332 437 155 368 16 5 277 498 331 364 1 52 373 228 235 274 114 202 126 114 139 331 328 146 114 271 418 196 92 489 2 483 308
334 257 193 226 79 257 288 33 339 464 116 302 45 218 397 465 361 155 302 409 362 67 118 317 77 368 203 219 165 82 123 329 69 245 271 452 202 5 144 273 367 320 438 116 9 218 36 425 291 438 184 279 468 105 72 123 233 76 366 61 335 75 444 71
76 317 376 475 212 127 111 444 64 101 311 210 91 307 12 120 29 483 439 184 13 157 29 109 159 311 427 429 374 104 155 328 328 229 30 53 451 398 264 485 160 476 101 459 290 91 126 301 314 130 469 122 491 44 401 131 298 477 125 266 362 86 152 292
420 303 346 219 4 270 400 161 339 239 243 184 265 373 370 346 50 469 337 180 298 184 287 345 390 292 439 64 123 381 346 92 55 42 335 343 353 306 474 351 57 422 371 285 60 315 185 189 151 268 490 30 282 263 497 363 446 197 91 450 325 87 80 318
395 218 406 180 313 168 354 279 371 211 265 73 292 435 135 111 108 190 383 303 269 248 344 318 190 198 249 485 369 258 446 382 497 477 330 328 152 189 55 2 183 326 372 420 12 246 41 170 10 204 34 246 470 194 236 314 211 476 5 21 449 248 311 21
-
64x64
239 63 194 115 475 493 337 256 118 312 449 202 171 306 153 177 276 455 353 474 420 0 245 465 197 348 115 384 115 360 390 438 250 58 388 241 435 243 277 417 384 148 213 189 417 448 340 78 125 480 235 476 382 202 266 114 355 107 109 450 457 317 23 22
130 117 463 373 252 148 26 180 307 388 155 384 129 264 147 307 209 359 58 177 285 284 436 370 65 151 287 144 143 110 172 378 144 335 83 381 484 222 278 276 55 106 86 383 152 464 342 66 348 31 427 139 493 391 275 337 31 88 286 453 1 54 391 242
356 374 462 377 119 236 353 356 166 235 331 457 322 181 464 287 322 194 94 160 384 271 220 183 89 43 430 217 330 409 460 351 369 173 479 173 181 305 151 56 440 337 160 367 251 126 497 172 48 101 245 347 498 161 376 257 174 488 197 459 342 417 401 275
50 316 210 373 7 124 255 430 225 390 288 14 499 51 216 437 408 2 57 102 373 83 18 90 226 303 239 479 154 12 428 177 342 116 80 460 464 441 265 67 132 307 461 401 336 167 178 169 240 212 372 166 323 40 493 391 112 194 186 18 231 396 27 68
197 330 302 258 334 419 294 57 310 163 324 109 356 342 107 193 458 189 185 197 139 73 43 422 412 206 121 465 380 468 422 373 15 186 347 451 300 427 352 280 347 331 279 79 450 458 482 150 315 23 88 485 498 235 257 22 254 53 161 437 20 459 242 391
443 338 441 497 26 425 412 335 284 282 79 253 67 349 304 130 485 76 308 51 10 289 64 447 220 329 414 239 440 367 132 164 417 190 312 161 480 208 163 44 25 1 13 479 122 377 364 456 258 155 335 409 323 101 450 382 128 198 190 340 252 263 491 219
410 295 360 186 109 359 38 272 188 168 37 266 379 138 16 477 355 317 414 345 450 273 329 486 377 111 77 218 260 305 76 168 168 324 376 54 162 55 215 418 340 443 115 309 260 223 16 207 447 34 158 81 108 351 376 177 416 323 22 223 219 180 44 72
260 276 132 449 471 312 32 475 296 363 462 293 468 372 269 28 480 466 240 388 386 316 306 391 81 7 49 154 209 3 371 213 9 180 211 316 83 340 349 10 138 24 475 281 443 471 393 187 372 336 266 183 172 342 1 132 415 328 199 151 362 420 394 325
151 77 140 255 135 24 353 160 79 401 444 53 239 253 275 310 199 378 274 329 427 255 43 122 478 51 46 137 264 497 27 273 32 231 99 35 478 31 484 345 402 33 462 432 400 116 294 62 220 47 0 252 454 214 113 77 46 432 244 480 143 297 223 36
22 462 254 283 151 255 300 121 309 26 459 266 98 240 394 422 126 23 472 347 51 354 210 346 362 126 61 310 367 239 78 267 111 134 248 176 294 300 106 219 432 166 356 318 382 216 172 217 25 11 121 69 7 201 249 264 302 109 419 398 340 4 33 346
57 488 479 497 86 485 356 105 240 24 217 455 128 37 134 478 325 98 181 413 300 92 203 66 87 437 44 365 85 7 308 121 330 457 422 476 95 244 188 171 369 103 467 381 484 152 5 469 60 130 370 415 4 186 23 73 93 445 197 231 23 460 102 236
47 119 356 237 225 322 376 474 487 493 461 208 341 0 157 136 91 500 99 288 399 198 194 171 103 492 188 289 309 92 211 285 25 325 111 147 29 58 382 172 206 134 74 395 353 479 332 492 384 408 35 339 299 481 232 75 285 48 211 161 139 184 348 468
243 85 195 74 145 125 210 406 215 386 425 386 168 308 337 212 256 494 332 135 399 399 286 2 101 492 129 220 488 335 375 288 77 188 484 466 91 132 202 129 204 192 108 362 409 285 469 196 413 256 326 182 357 439 275 306 76 20 252 172 248 328 155 356
259 210 184 164 201 87 352 91 282 88 393 108 332 208 372 409 498 330 7 166 447 27 203 115 359 278 235 100 106 230 466 108 157 426 443 455 374 480 91 67 310 218 408 419 31 480 167 498 363 397 128 131 69 143 12 145 137 497 345 29 154 72 85 355
282 414 341 350 432 120 401 455 193 179 452 154 198 290 141 292 311 87 33 103 439 215 333 9 362 459 71 238 118 357 412 400 124 26 264 161 390 147 399 166 80 252 403 51 442 90 327 425 325 152 176 381 282 72 186 372 474 254 488 500 475 49 129 137
217 427 264 378 369 30 216 357 39 248 71 383 438 215 461 412 99 282 426 250 111 180 416 395 336 25 122 219 486 409 350 455 493 393 146 402 27 125 244 487 274 99 48 12 126 49 451 482 373 324 486 163 277 13 307 22 25 259 42 13 132 93 332 139
424 454 423 453 14 276 125 159 248 475 228 312 228 210 24 437 209 51 152 367 403 360 441 431 270 354 343 299 337 293 458 288 15 63 435 10 445 50 155 340 488 359 348 12 158 251 278 77 459 52 489 463 276 122 403 56 451 379 23 384 378 257 284 305
308 459 300 64 248 86 398 311 497 424 65 409 25 80 457 496 492 95 170 39 278 431 206 88 127 497 308 455 239 421 285 241 473 363 379 436 367 84 161 158 61 214 15 413 406 95 426 398 136 408 278 408 288 201 8 87 60 453 55 408 479 318 347 418
330 282 233 297 457 390 189 318 97 88 234 99 57 428 466 311 469 54 358 64 369 500 346 359 38 359 145 87 236 212 490 191 261 399 151 489 500 109 431 292 371 388 468 244 201 214 111 374 169 91 187 141 306 293 488 80 314 431 131 176 412 357 94 115
281 16 448 41 117 290 368 111 491 475 173 493 252 312 191 137 124 242 116 409 425 349 127 262 95 332 292 231 71 129 301 190 417 352 378 189 285 394 139 487 197 202 16 455 262 65 264 174 293 180 184 319 256 490 483 487 498 32 460 75 138 409 115 478
366 197 211 399 50 108 72 230 183 401 145 58 418 367 276 421 133 122 432 281 329 67 342 447 234 158 178 331 397 344 213 125 103 88 230 269 412 127 293 453 241 371 255 213 92 486 342 352 467 39 393 314 298 344 328 335 315 241 422 154 64 414 451 15
492 19 68 491 256 118 477 356 87 423 425 217 165 203 13 35 346 292 14 150 284 319 135 149 40 201 252 104 356 340 433 262 313 108 446 365 48 284 241 306 276 75 341 178 36 397 25 393 236 63 65 74 280 75 266 36 247 331 293 196 50 354 379 212
324 166 447 368 164 223 10 297 189 152 4 256 109 118 9 288 54 132 499 149 436 294 218 20 403 260 70 397 305 77 88 483 437 394 198 123 43 215 183 478 241 64 458 311 307 393 21 254 321 2 417 176 9 450 293 52 434 215 324 117 84 18 488 69
231 89 169 181 76 290 408 69 307 4 65 432 382 278 181 301 116 134 279 108 11 160 155 144 430 388 109 226 115 394 144 166 295 245 46 51 214 428 421 69 22 400 5 192 239 489 46 190 474 461 64 187 161 387 60 68 137 313 179 350 39 355 52 408
468 92 250 29 115 212 104 217 295 70 340 137 386 189 349 80 348 366 259 405 467 273 16 45 66 390 121 342 163 341 181 49 420 153 453 259 72 130 439 113 369 135 474 253 50 257 74 113 434 31 360 471 92 414 202 401 492 87 76 4 355 189 439 242
450 390 165 209 370 32 29 151 386 128 199 81 399 342 2 15 110 14 282 68 187 180 47 76 433 123 107 163 354 432 233 88 431 165 406 187 150 348 230 282 416 52 242 163 231 427 478 88 239 278 475 57 244 64 134 122 296 91 108 127 394 167 323 173
274 318 309 314 398 279 418 126 317 201 84 342 475 273 355 384 136 221 193 272 281 233 45 290 330 85 167 269 262 499 221 52 347 341 471 156 423 199 177 417 450 60 20 386 119 485 286 149 203 85 350 140 186 485 476 426 130 285 367 288 343 494 140 460
476 380 211 422 469 420 374 342 381 132 446 43 489 296 216 406 447 72 111 284 157 434 369 285 46 81 498 361 186 257 401 162 196 64 106 442 181 439 170 211 287 460 256 426 190 378 229 34 161 52 408 473 96 303 43 360 412 260 98 48 351 160 434 468
132 214 370 412 271 58 7 330 199 270 4 234 230 277 41 283 80 381 270 345 73 108 359 388 384 444 175 43 435 17 63 100 215 10 105 98 5 6 61 308 133 93 13 460 101 409 279 215 15 172 310 193 181 279 179 97 465 361 41 386 88 461 292 121
383 446 87 11 79 252 293 302 130 317 98 448 342 242 500 151 399 206 404 50 189 326 86 428 88 359 430 166 452 402 414 343 176 54 347 310 101 490 9 125 121 29 300 322 35 227 139 81 184 209 23 100 355 288 272 362 144 216 8 87 232 165 376 272
192 308 193 473 114 21 50 42 309 228 19 219 99 273 452 162 261 23 458 180 117 463 482 307 154 432 92 75 299 252 303 275 308 133 166 174 494 287 162 409 91 92 259 366 265 474 210 140 223 89 141 298 393 147 76 309 474 205 419 415 255 80 182 380
231 183 308 225 126 142 316 191 442 365 214 398 154 385 124 386 84 375 182 172 75 108 288 316 476 171 498 57 221 421 483 9 219 64 452 180 97 304 325 403 482 347 327 158 448 486 115 135 132 477 334 220 64 374 326 69 137 183 205 331 260 372 40 272
257 79 139 21 494 74 283 179 33 91 157 124 19 99 79 171 202 400 376 272 402 342 348 18 15 202 42 197 180 243 267 150 301 284 209 18 122 100 257 184 129 219 95 446 438 95 14 443 109 328 75 303 196 218 223 137 258 305 306 302 413 253 38 304
264 247 420 328 264 153 262 263 441 167 347 18 335 325 121 209 98 305 288 8 21 146 466 92 400 360 321 123 249 290 386 272 303 386 163 98 361 6 323 463 326 156 246 499 279 43 121 131 465 274 109 304 371 478 58 391 256 28 323 55 491 434 22 163
499 103 464 374 487 197 230 159 421 40 107 9 103 222 280 79 192 304 457 255 318 267 92 247 76 253 428 475 370 252 317 242 46 259 100 439 454 42 24 154 370 412 168 443 179 381 489 485 321 212 239 458 481 394 328 241 107 314 274 444 422 186 224 284
180 378 153 415 254 387 13 148 355 482 92 87 11 136 267 465 499 348 183 142 418 159 380 258 277 344 154 6 320 389 226 378 346 353 222 306 469 134 339 44 307 105 260 246 417 73 188 131 195 129 443 20 52 39 422 135 384 175 122 446 183 392 132 132
99 68 262 45 343 158 239 308 258 249 216 409 358 66 157 412 37 171 263 226 476 154 428 293 499 83 223 412 304 170 196 448 469 132 55 250 178 282 234 449 333 109 0 95 360 169 321 336 177 284 90 338 92 443 406 78 24 17 80 63 293 74 498 289
105 136 4 108 499 239 111 126 286 487 251 196 257 114 376 327 85 276 155 465 43 331 171 499 218 234 248 40 386 116 244 128 370 160 419 89 11 32 133 257 134 328 25 175 447 64 368 99 82 209 187 124 148 243 301 494 241 387 485 478 131 66 150 423
258 281 174 100 342 120 161 268 58 122 302 148 431 417 21 182 60 323 47 302 136 308 127 422 93 106 430 4 86 161 400 66 409 321 265 321 328 491 158 206 408 336 313 367 152 354 141 263 182 124 277 168 98 413 366 467 178 117 207 466 453 84 167 274
406 288 251 328 51 83 227 273 297 209 93 383 480 59 151 316 198 182 294 108 193 214 192 499 243 371 350 114 162 34 275 0 373 379 144 132 293 346 459 223 411 62 65 395 346 493 105 188 280 69 222 478 281 29 364 101 450 351 144 343 458 344 327 355
127 305 115 432 258 498 87 197 344 469 134 177 44 298 226 63 331 102 469 253 184 456 149 207 12 20 394 1 79 360 333 238 36 68 426 349 476 5 236 420 55 194 108 188 480 9 194 230 461 1 438 105 480 191 426 406 368 289 230 274 319 122 260 423
379 76 472 469 12 364 76 468 444 468 250 176 215 339 233 151 424 6 225 184 107 227 35 359 273 164 42 319 352 105 490 255 93 1 332 218 284 401 305 135 40 52 245 419 194 79 100 396 325 215 331 230 446 192 317 152 30 146 118 225 474 433 323 62
284 340 143 144 239 254 210 494 396 316 189 343 329 217 9 473 426 115 179 241 370 483 361 279 30 329 50 227 395 500 274 430 449 256 79 113 257 483 74 158 300 253 137 4 429 125 56 44 66 359 238 300 140 187 288 309 203 101 449 62 208 135 223 498
270 274 124 486 351 204 250 482 320 355 98 320 60 209 132 247 34 109 451 62 185 135 76 415 47 183 147 113 496 338 346 57 319 52 249 298 186 181 233 252 124 416 352 410 313 32 277 310 187 91 33 30 432 262 255 200 392 307 487 130 244 372 500 82
86 202 342 183 295 351 53 419 437 137 108 319 10 424 124 356 184 174 242 278 87 470 445 151 225 214 458 244 451 238 321 50 413 243 223 440 214 339 103 486 378 295 313 52 442 65 422 194 201 303 309 32 389 207 162 230 83 200 243 178 436 157 28 465
263 331 388 487 328 467 401 227 251 4 250 353 137 420 79 255 430 30 131 0 406 170 393 455 67 264 120 169 58 346 83 381 345 489 63 500 476 67 67 7 30 374 32 165 492 186 313 139 110 468 75 199 468 371 248 118 475 73 127 200 431 496 148 111
257 461 12 458 409 117 62 224 251 162 286 59 390 2 52 30 310 459 152 426 195 231 266 276 159 163 261 467 142 439 276 213 16 348 360 377 442 469 494 482 452 65 447 246 9 146 324 332 405 148 58 9 147 292 45 137 274 499 33 28 11 0 351 192
151 44 414 74 86 32 33 464 423 157 122 311 367 66 205 462 78 154 96 357 138 288 164 335 120 45 362 143 120 349 187 476 232 342 11 41 455 444 235 358 179 45 488 23 42 465 32 404 179 122 26 32 51 58 325 291 31 472 368 21 19 356 156 456
339 198 156 87 491 356 406 77 316 20 124 0 347 235 491 449 330 299 335 104 48 92 272 395 258 238 483 168 370 174 455 337 485 343 321 428 131 134 351 282 5 149 178 242 403 426 315 368 366 237 304 358 486 419 423 478 72 367 276 109 412 1 185 10
246 78 98 130 497 9 373 404 294 268 305 375 160 106 369 439 174 405 37 230 112 286 436 89 280 113 454 31 364 285 15 411 30 241 39 397 485 54 432 300 419 31 21 187 432 94 248 49 444 242 53 266 312 279 456 345 32 428 63 64 273 450 29 299
26 279 196 79 355 111 289 328 129 278 138 263 237 263 314 210 393 471 403 410 72 235 287 238 172 292 430 232 165 46 197 246 157 215 178 471 46 137 169 23 69 454 321 107 386 449 347 351 340 159 73 341 207 219 424 240 190 410 350 427 417 91 121 281
307 140 395 179 22 233 314 151 155 465 364 442 276 6 408 493 269 264 190 460 297 155 350 331 487 86 281 409 10 268 447 376 192 119 441 41 398 243 418 56 6 31 308 308 490 328 282 304 174 191 76 373 390 173 233 125 190 14 446 417 452 311 86 45
439 203 259 427 266 33 173 225 414 100 37 82 358 321 202 80 321 301 301 33 78 397 428 407 483 372 181 280 344 39 105 60 317 460 239 405 401 47 88 213 204 365 275 141 108 478 441 436 63 155 191 410 55 81 61 218 289 44 232 485 371 433 472 121
112 222 453 308 272 180 229 253 156 164 49 50 323 73 3 432 391 204 368 385 377 31 131 217 42 79 383 249 165 302 400 285 77 132 166 8 295 138 368 469 112 312 145 327 469 496 341 17 479 33 319 21 490 386 323 217 378 326 414 38 409 84 95 477
278 117 309 45 239 142 166 322 63 452 110 108 115 461 461 165 241 253 426 298 189 443 187 324 189 380 447 464 1 309 416 32 464 499 160 347 237 230 23 202 135 409 30 382 445 263 313 447 230 334 258 91 35 459 50 476 63 469 78 449 393 124 435 297
196 63 165 36 140 352 318 216 137 232 261 392 445 2 433 345 28 499 159 14 290 322 77 400 408 227 251 118 109 99 187 368 265 82 271 65 42 136 456 148 195 203 15 355 460 82 325 417 446 390 278 307 97 183 188 150 79 192 14 307 420 148 68 305
442 443 265 13 274 493 67 1 27 430 116 67 78 79 357 164 295 151 407 27 156 71 72 100 428 238 374 73 390 10 155 464 95 381 245 81 203 2 163 460 406 428 53 470 391 376 253 7 393 378 250 498 320 22 182 427 474 459 139 52 75 39 96 85
92 63 452 33 360 331 435 112 108 358 177 323 71 494 223 136 71 344 203 61 465 456 184 346 271 110 55 173 373 409 429 165 143 329 414 60 200 405 66 4 310 132 32 269 9 132 140 83 250 23 178 259 256 199 68 55 120 449 292 60 190 458 283 9
364 437 482 56 345 331 472 338 39 193 322 0 324 86 476 290 4 447 243 372 68 301 318 226 248 471 112 17 324 32 352 4 187 107 327 496 465 36 267 57 466 133 21 384 107 46 119 185 2 387 397 53 470 89 310 283 483 2 328 380 16 9 7 82
431 285 442 419 270 191 453 60 63 371 302 95 165 15 312 275 423 9 56 292 37 211 324 58 179 462 146 115 255 403 160 369 213 114 351 82 297 432 300 230 281 358 4 63 494 453 153 118 419 335 343 261 46 117 442 128 115 410 422 77 45 82 326 92
448 488 130 442 134 370 279 43 166 426 279 377 369 190 366 491 226 493 233 279 498 206 271 5 180 284 47 171 218 240 408 388 196 345 456 28 436 455 492 169 321 373 154 87 33 28 130 438 12 418 188 79 147 359 429 424 200 132 119 242 115 99 192 225
11 95 180 333 319 4 202 55 323 280 126 189 228 400 60 390 47 335 457 391 330 392 235 464 367 110 60 346 412 411 114 472 188 181 444 311 318 466 240 332 125 406 462 80 57 427 115 453 499 475 492 370 419 304 96 129 278 414 399 81 231 484 84 137
327 404 204 105 416 102 394 331 463 45 374 156 44 131 264 443 344 310 414 218 75 217 211 54 402 367 238 265 422 92 484 116 162 336 496 222 165 46 273 23 485 461 138 228 444 493 327 170 335 107 487 326 234 417 393 376 322 353 402 104 312 382 171 233
424 107 250 138 325 451 325 221 224 183 392 44 68 93 79 150 126 310 108 193 50 107 119 239 91 266 207 240 213 209 360 400 207 115 473 289 202 187 20 429 128 197 454 312 469 317 170 371 192 222 172 257 401 69 474 399 326 348 150 390 320 454 152 191
