64
296 151 416 139 483 14 204 403 337 281 62 41 197 21 487 312 215 83 92 427 413 174 406 1 238 252 485 225 103 212 179 53 98 452 418 143 249 366 143 70 353 19 279 245 88 322 110 57 245 12 155 330 104 150 363 245 406 307 232 7 121 332 151 497
146 230 249 212 171 15 499 35 134 35 231 414 496 51 123 427 32 161 185 299 475 112 18 286 107 168 323 34 412 457 483 198 478 368 107 296 319 309 347 277 466 394 447 399 491 288 375 179 321 490 106 235 433 258 322 373 315 192 477 35 93 394 71 158
122 180 308 320 499 384 57 196 369 486 491 39 269 166 39 476 405 408 117 44 165 411 329 239 433 342 427 55 328 228 81 197 393 206 210 12 53 189 335 492 156 233 186 285 43 354 274 46 404 301 404 498 291 237 408 422 262 360 479 272 45 455 72 100
233 465 2 202 65 89 426 334 169 189 258 258 269 358 485 107 237 482 149 211 172 173 131 101 343 1 498 196 38 77 269 431 26 465 243 463 208 181 336 467 206 0 318 178 51 226 419 256 10 457 408 328 486 185 251 468 151 200 117 491 382 474 122 180
451 54 107 225 81 156 19 435 460 491 98 262 1 370 296 431 397 297 447 167 102 240 196 160 490 144 204 104 247 143 153 94 281 354 167 211 56 178 151 28 285 283 390 103 3 366 102 263 162 445 382 77 356 23 13 177 144 304 56 52 107 330 210 27
474 479 163 165 391 207 131 344 92 403 88 281 197 315 211 178 380 135 207 179 109 17 223 263 364 350 274 259 180 228 5 319 302 103 164 270 325 405 425 306 228 146 14 363 364 373 326 406 197 70 335 132 49 390 162 293 114 209 210 360 65 183 300 285
292 271 463 317 333 167 346 250 283 71 3 299 252 469 181 98 220 388 399 483 87 111 115 175 240 54 84 458 390 385 377 94 463 372 226 148 74 211 149 224 238 55 92 42 247 219 299 47 391 337 295 158 106 494 57 469 480 52 71 192 426 328 183 59
176 149 333 420 229 433 38 193 430 74 146 406 107 310 194 36 418 226 295 310 447 15 372 36 57 329 278 187 332 470 360 67 367 290 446 361 155 104 319 131 237 324 78 334 89 386 293 211 435 269 267 170 104 96 398 420 311 222 33 369 28 111 494 447
123 307 420 251 458 56 187 57 500 332 478 55 114 373 145 192 194 1 49 390 76 141 320 405 450 153 266 477 140 190 264 376 396 364 485 215 398 144 307 202 466 300 300 260 313 411 185 364 33 72 300 304 182 458 353 244 248 475 421 231 241 240 350 320
266 343 262 296 328 428 147 358 341 361 206 226 211 310 208 393 235 466 50 112 137 326 58 251 226 267 158 92 102 279 11 395 125 87 45 89 419 472 178 371 436 376 99 474 395 187 34 29 186 351 343 397 87 206 402 324 462 68 28 265 274 458 345 17
159 185 300 238 354 241 323 49 155 446 14 8 50 146 13 419 11 26 2 380 484 133 374 377 109 329 385 218 309 296 48 60 462 388 252 478 217 207 232 149 363 341 416 417 88 58 52 133 439 282 28 234 237 284 464 252 398 311 438 153 72 454 147 309
172 162 121 148 70 180 155 291 260 118 269 461 230 117 147 440 4 197 18 62 233 491 332 311 268 278 379 275 290 183 9 206 310 59 114 336 89 155 423 26 146 398 75 131 409 184 129 230 472 268 175 336 21 347 369 65 172 194 369 472 308 103 317 302
483 209 199 204 311 52 26 33 377 133 155 141 11 172 145 294 203 316 195 50 5 391 122 53 284 212 308 1 212 457 364 152 473 466 354 307 487 155 159 347 285 46 188 42 157 40 408 180 77 339 356 398 113 333 274 441 41 290 456 127 367 11 221 194
98 8 197 189 247 405 385 221 155 447 238 420 436 109 192 51 35 325 55 26 203 198 287 416 104 486 374 369 497 39 2 478 54 323 57 306 267 68 480 424 364 372 360 137 456 13 324 444 269 358 422 447 202 195 5 394 273 357 64 449 456 394 176 298
38 374 127 47 307 226 345 426 129 100 338 138 452 12 39 263 71 443 498 480 477 114 112 379 80 490 118 246 350 77 161 31 142 83 85 308 206 338 381 115 166 435 403 125 73 445 38 32 35 111 447 248 221 287 40 360 206 475 31 387 104 323 473 258
270 477 463 87 478 402 143 256 139 363 162 92 24 494 45 237 457 236 476 68 96 32 430 323 206 463 500 302 100 137 232 102 411 248 219 100 244 434 212 253 230 448 259 359 120 424 415 33 495 209 255 6 489 18 427 197 2 493 324 382 28 351 301 280
231 90 124 97 252 223 60 497 422 383 461 463 108 9 309 231 169 469 63 124 345 352 473 366 33 320 205 207 228 188 186 336 109 193 184 425 282 449 77 261 494 225 382 433 20 122 66 47 417 27 160 447 376 273 271 405 50 108 317 69 479 63 295 200
299 226 353 111 346 56 16 332 190 113 498 192 379 350 319 311 335 402 294 69 360 240 301 353 189 214 387 201 140 363 47 287 253 283 329 223 135 78 418 309 362 478 89 192 417 380 79 417 341 169 146 154 72 33 71 209 3 158 28 75 404 138 294 455
373 211 310 492 197 424 34 137 388 262 344 7 363 383 22 418 121 69 66 0 431 480 34 70 186 306 185 275 364 356 327 16 74 448 249 380 447 109 459 109 311 339 279 249 123 497 483 306 389 441 380 164 491 90 102 460 305 43 137 275 405 61 262 238
67 188 417 468 191 214 323 69 264 299 329 479 334 82 444 20 157 65 150 478 146 137 349 205 50 86 259 185 196 351 228 176 64 411 210 34 302 46 45 297 86 11 109 4 346 10 402 62 69 119 158 24 354 449 5 389 231 282 19 75 260 236 298 292
336 179 60 227 400 24 232 427 227 199 418 11 192 313 3 294 393 395 7 423 278 494 456 337 72 95 434 302 337 44 42 260 44 332 213 450 38 380 375 95 268 4 117 90 71 45 397 74 386 53 343 175 374 320 473 78 102 142 83 41 469 426 257 347
46 14 431 11 149 481 404 337 285 206 199 425 165 157 253 138 205 101 123 274 447 270 117 334 331 439 316 119 495 10 338 293 132 346 197 191 166 475 390 217 255 88 331 333 363 67 365 139 373 197 125 395 306 253 255 10 83 440 24 432 88 6 417 490
332 121 122 307 219 466 81 343 451 268 119 27 334 400 149 232 479 48 48 307 104 430 416 325 152 304 430 143 98 203 138 274 12 157 142 415 218 401 148 320 403 209 21 5 207 70 331 374 248 168 299 370 393 265 304 196 4 373 444 81 405 119 443 434
210 392 44 452 40 487 244 348 272 458 225 193 208 172 472 17 54 312 131 377 371 441 202 289 482 72 345 202 96 172 364 439 177 344 396 453 285 384 73 168 235 491 149 440 142 2 488 340 417 460 491 463 121 21 453 241 423 244 304 72 238 301 41 422
271 324 368 360 315 237 304 409 167 213 111 87 78 106 365 159 169 308 483 160 396 358 282 67 405 376 400 133 311 131 427 66 4 429 418 108 196 190 266 148 453 325 320 50 303 303 468 151 19 323 252 40 428 303 376 312 380 50 400 278 365 208 348 358
89 35 296 114 229 366 311 146 296 269 136 272 476 63 279 37 499 287 472 369 171 190 206 263 164 27 140 173 48 435 442 373 457 118 240 156 11 112 450 324 298 338 373 43 406 371 436 459 424 429 34 229 396 274 178 156 264 71 322 318 29 1 483 101
10 455 84 418 273 255 20 307 231 295 4 381 62 267 330 476 416 488 50 80 214 298 459 489 148 302 474 262 70 374 181 15 183 158 335 33 348 7 274 130 106 442 432 129 254 334 288 447 189 259 79 69 118 250 446 385 135 394 96 7 328 61 258 278
461 97 143 100 392 267 144 31 76 144 390 104 23 188 287 282 253 1 359 272 199 276 324 253 446 406 352 22 155 275 462 192 433 204 133 65 285 471 449 450 219 179 289 320 331 91 428 320 70 321 199 196 167 180 196 157 346 383 186 280 6 435 112 179
191 222 422 252 24 380 23 119 14 335 374 62 47 306 11 369 443 455 84 93 94 76 287 261 29 133 216 296 152 89 432 451 447 317 71 346 323 485 100 14 54 182 246 71 191 335 476 106 406 33 469 376 444 267 373 282 294 400 429 50 148 172 390 458
436 31 67 155 62 480 232 369 160 151 260 408 47 308 267 363 80 266 466 182 129 96 260 347 496 81 463 225 50 217 297 272 390 170 332 433 121 112 401 126 480 362 20 98 20 190 144 469 191 382 364 299 166 173 450 441 272 274 133 123 315 338 308 50
203 24 442 257 183 129 416 68 160 28 340 267 92 96 466 343 88 248 314 48 185 374 194 123 418 452 449 484 351 306 27 429 408 356 142 395 243 406 287 395 145 480 141 135 425 454 44 148 359 334 279 230 98 3 159 385 123 83 190 69 330 300 61 400
5 70 127 387 144 199 146 194 376 316 181 392 462 100 255 71 414 332 355 43 300 442 143 337 468 81 403 291 117 271 289 417 320 391 12 315 19 230 463 122 139 157 368 210 300 335 292 497 443 14 389 273 70 205 287 148 175 415 500 87 106 462 406 16
486 106 1 241 383 453 42 198 152 42 88 217 40 355 326 280 120 293 375 17 157 207 497 346 292 144 486 248 0 130 65 296 159 115 27 424 104 177 403 354 479 419 304 86 438 173 41 383 339 424 44 463 78 116 307 308 377 173 100 388 55 406 34 250
285 144 157 395 346 38 431 86 112 84 403 92 125 491 185 77 211 64 293 125 62 45 101 369 124 89 469 246 231 499 316 426 247 254 136 437 91 279 260 320 376 470 134 132 103 19 219 122 176 160 277 170 237 328 288 50 43 472 29 340 366 324 457 407
262 283 194 81 422 428 406 276 440 266 383 134 265 251 232 449 366 48 37 441 278 429 383 361 293 174 239 58 18 284 417 15 219 364 204 8 497 326 108 84 254 248 349 399 50 420 496 372 422 33 137 423 204 74 25 177 148 314 31 51 362 210 473 322
40 237 281 66 36 248 0 258 475 171 468 438 62 320 308 495 406 464 346 215 497 67 421 386 209 52 51 449 435 499 336 188 75 109 393 436 119 83 355 404 287 361 244 478 258 128 336 482 157 65 76 235 281 305 213 417 32 476 462 472 2 271 125 41
81 227 106 64 10 383 170 498 428 274 60 8 274 484 38 423 406 462 424 376 56 364 198 391 418 451 150 157 139 397 253 96 433 486 399 276 316 290 240 345 481 374 441 476 292 436 351 475 245 357 128 175 288 379 321 151 496 70 18 74 73 325 173 408
46 259 240 9 88 221 463 139 6 317 268 443 376 52 36 138 45 119 287 458 161 256 146 379 56 337 433 183 355 357 381 223 280 167 3 3 340 115 257 13 376 280 80 21 63 422 158 101 152 159 121 9 276 37 70 435 249 330 97 56 10 161 172 427
281 294 113 245 100 412 484 289 43 433 96 41 115 217 378 249 30 111 437 482 367 228 62 56 49 72 270 392 202 276 485 5 187 153 249 108 316 170 214 320 105 109 21 346 123 220 313 114 480 342 476 379 387 22 59 273 151 230 383 119 2 202 20 208
117 243 260 451 480 59 386 62 302 494 6 384 451 344 5 29 318 414 451 80 357 421 221 389 216 181 13 460 132 69 130 436 240 116 400 398 472 467 284 369 395 214 203 407 423 416 264 150 167 289 28 66 275 346 33 257 432 333 161 120 381 118 59 401
379 51 129 486 291 205 352 188 129 393 251 368 191 386 311 253 452 52 107 261 226 123 376 461 180 191 59 243 358 99 44 275 427 212 260 413 82 117 432 437 186 73 414 485 149 482 240 214 319 299 335 56 297 332 105 310 483 98 51 224 104 133 198 89
170 352 406 14 55 5 351 60 350 415 193 55 223 239 53 241 335 173 482 275 408 335 224 481 475 447 171 281 472 58 349 327 278 414 156 218 366 151 439 34 12 295 326 368 452 453 232 186 279 343 162 289 236 169 453 343 328 378 369 240 329 29 104 137
42 400 53 38 104 170 357 290 450 89 79 467 135 25 358 460 17 117 391 214 3 388 385 253 94 264 342 458 425 418 169 248 498 416 254 278 227 235 422 363 432 171 68 376 319 151 1 121 256 438 9 332 122 184 450 437 479 282 227 90 12 378 221 270
383 444 118 494 390 132 101 420 21 53 478 348 429 494 60 125 48 196 466 496 65 319 129 320 111 403 446 324 161 346 323 201 27 438 291 493 397 38 256 103 133 191 86 160 9 193 273 31 121 297 84 207 247 356 413 293 450 332 44 152 264 42 316 233
410 373 113 218 306 145 393 357 489 243 302 18 210 2 115 271 165 403 12 293 217 357 1 353 159 20 454 50 183 168 138 322 117 282 308 345 377 316 53 327 10 64 313 241 146 84 426 230 162 385 440 406 412 95 166 27 178 280 366 10 160 307 265 267
160 419 240 54 113 135 421 18 477 255 396 204 61 34 220 393 319 309 491 15 355 52 207 149 203 265 139 358 384 468 435 145 185 313 91 213 305 151 240 375 254 247 375 433 3 16 413 333 301 456 74 31 273 117 186 207 265 376 205 85 15 237 24 321
456 214 494 345 393 54 302 370 156 456 224 82 205 457 487 402 447 75 305 459 142 426 175 64 227 157 241 201 78 172 471 8 441 260 14 423 435 113 12 484 74 124 356 347 138 209 212 0 496 403 197 448 345 145 90 19 78 187 453 465 30 408 333 186
319 464 471 148 250 411 91 485 468 496 68 122 405 401 211 67 448 359 17 86 437 69 264 60 54 357 259 186 0 280 488 17 81 259 498 235 90 283 186 492 338 183 299 466 348 30 41 456 321 61 94 185 365 371 198 420 406 17 58 11 316 310 348 8
392 496 352 441 430 179 485 221 269 104 251 91 219 208 261 399 321 51 303 419 7 46 60 463 429 108 235 138 389 81 206 173 144 210 312 305 92 342 484 388 297 405 9 302 9 407 71 186 159 380 83 393 146 207 20 216 478 77 337 394 78 70 465 362
477 359 59 371 432 295 212 21 220 437 423 86 87 300 245 191 238 58 365 463 212 56 265 430 444 5 477 254 476 367 390 407 211 84 260 62 184 440 406 469 148 214 188 98 227 437 445 483 113 307 425 459 202 229 308 382 465 309 421 156 292 120 261 181
50 463 284 378 384 73 324 214 49 105 186 287 496 441 123 90 458 462 57 113 183 337 29 218 73 368 82 255 12 70 408 487 480 480 421 126 103 81 80 459 86 40 291 110 178 5 82 252 75 333 162 20 212 462 8 478 143 331 261 418 76 10 80 154
135 291 318 37 114 52 298 432 413 88 177 413 486 196 140 383 192 115 31 143 465 35 172 63 481 104 136 253 115 158 28 210 413 322 30 365 364 368 266 29 441 84 344 31 370 281 185 55 375 361 445 210 472 153 282 1 260 467 122 261 359 151 419 443
319 130 143 467 12 487 154 454 428 135 215 222 54 39 90 312 5 487 173 123 382 75 291 193 346 128 370 153 255 228 85 159 377 131 230 97 392 206 81 121 103 325 230 85 86 66 235 449 282 13 9 219 319 51 160 62 394 121 156 339 41 137 79 165
95 463 488 443 278 100 107 155 374 397 371 370 487 499 76 338 162 438 41 231 428 132 31 116 416 284 463 324 314 445 122 137 112 466 490 415 166 474 403 325 97 128 221 388 240 158 490 326 125 67 181 115 225 424 196 64 343 218 488 413 308 457 355 243
320 484 70 25 217 32 467 484 116 482 339 424 199 227 81 130 85 464 258 140 186 412 108 305 410 109 373 214 291 347 106 299 142 22 49 70 339 174 370 138 97 95 441 290 165 222 476 18 306 490 258 387 137 302 16 281 418 428 163 56 204 94 183 304
204 220 37 446 73 16 140 48 366 467 440 387 82 69 222 380 434 234 412 270 270 307 73 412 286 420 83 15 255 412 478 485 438 209 54 188 37 194 176 191 347 313 360 196 170 42 492 487 498 161 133 334 351 419 58 130 419 187 281 343 265 291 10 44
241 458 176 113 375 432 236 126 433 212 288 161 463 292 98 343 475 98 270 233 206 241 463 345 79 174 475 92 293 116 309 334 33 266 211 71 14 243 3 171 99 438 272 219 346 480 425 90 272 213 305 497 131 470 432 20 103 21 244 404 197 460 492 20
349 356 430 114 113 472 199 288 129 463 408 169 250 485 171 307 407 105 109 142 179 314 372 259 393 481 160 213 340 199 497 353 39 388 298 361 378 172 21 239 343 80 210 418 34 121 58 214 375 4 353 323 158 480 495 68 200 90 122 200 37 215 158 151
274 361 11 409 271 424 110 247 325 275 79 348 15 362 455 297 45 107 90 205 216 171 434 343 179 300 363 494 330 383 39 67 122 82 61 35 31 348 233 150 88 247 287 110 228 153 217 135 479 429 3 97 381 156 56 499 416 163 420 209 260 476 160 397
240 280 72 48 118 101 383 85 155 483 237 222 485 302 403 66 392 246 186 109 304 472 117 223 356 339 467 122 337 134 130 458 147 278 405 254 46 99 412 165 190 381 375 294 343 86 331 66 278 72 72 301 416 123 241 140 489 138 13 112 25 292 268 4
76 375 163 18 326 113 443 396 242 195 287 470 443 447 464 222 353 441 288 139 149 327 108 154 306 46 381 412 328 461 88 206 181 211 480 351 13 60 260 324 258 79 18 76 494 489 121 85 300 455 227 393 462 158 111 453 223 432 85 155 298 108 40 147
9 34 270 478 407 73 352 291 63 136 271 86 447 420 223 350 311 316 267 12 249 350 472 377 161 301 266 392 38 21 431 435 353 379 85 389 417 142 5 54 465 51 69 134 311 264 86 470 315 438 35 296 484 488 108 415 161 110 217 284 141 244 370 57
489 224 3 15 173 44 361 172 403 451 73 488 22 441 22 497 45 381 464 500 279 256 445 53 107 377 273 197 205 296 291 327 69 212 10 94 157 409 85 319 205 366 116 165 413 360 202 35 115 212 7 14 115 303 239 300 187 303 113 20 308 320 476 39
339 348 342 330 479 95 282 89 146 294 251 301 137 93 435 459 96 217 156 43 436 317 458 5 97 272 207 32 356 276 367 431 193 184 220 146 447 90 417 240 410 245 27 87 128 213 66 82 389 423 182 247 328 147 57 103 255 364 436 114 9 393 265 309
-
281 274 127 302 309 350 185 294 121 100 10 463 376 151 398 251 163 360 169 34 75 135 500 174 163 180 482 290 273 354 473 161 202 210 300 185 435 9 64 92 423 137 288 341 18 317 416 368 494 357 107 162 466 53 104 421 65 226 163 457 155 333 440 31
170 138 342 34 127 347 321 209 434 425 468 176 269 282 96 492 203 329 389 85 53 60 40 167 263 237 433 304 362 326 23 497 126 304 260 208 71 275 132 106 208 450 28 427 462 231 255 20 74 96 497 263 271 478 297 305 102 80 255 7 180 415 484 444
59 74 292 199 482 282 301 275 413 307 108 18 81 463 88 312 127 234 484 163 97 248 420 243 205 201 258 73 206 23 463 123 222 329 253 149 92 111 215 85 393 20 279 396 147 338 72 169 367 64 257 159 290 428 35 185 4 305 85 104 403 399 56 415
396 292 328 447 468 492 329 436 421 432 197 255 206 345 285 416 109 180 442 51 343 283 349 116 187 294 311 96 432 360 234 398 91 432 473 343 192 180 114 444 275 146 374 279 472 324 329 255 478 66 202 175 254 306 81 402 154 68 377 65 139 265 430 368
228 457 53 499 141 147 138 42 408 232 92 225 248 277 345 96 183 370 300 78 353 92 484 499 150 415 339 487 478 249 229 185 387 274 54 159 73 337 219 108 210 65 311 70 370 8 165 51 489 12 321 97 499 340 45 22 188 320 440 241 280 47 304 366
239 98 362 494 14 465 99 70 399 355 11 447 315 411 234 75 345 115 285 463 255 288 391 331 45 468 491 36 273 395 496 292 358 497 123 425 333 219 338 93 290 129 75 366 401 170 9 400 398 274 384 497 317 40 31 73 448 118 21 238 307 354 287 38
110 309 305 329 341 83 432 212 78 67 442 223 20 432 301 435 215 497 147 14 343 460 336 494 477 155 106 357 387 225 445 402 290 176 59 355 374 204 492 190 492 236 168 152 158 195 428 20 360 31 257 234 234 17 488 290 260 173 294 422 24 389 334 464
265 247 152 124 468 401 34 98 284 415 113 408 248 328 204 179 87 459 229 213 442 400 340 398 242 442 383 231 6 124 9 184 369 295 251 194 346 424 80 297 386 215 407 23 225 467 195 183 57 498 389 433 114 211 448 336 486 453 193 30 276 156 161 500
122 40 344 261 340 241 182 356 196 235 335 245 420 472 276 493 18 288 111 55 296 22 497 7 328 69 321 468 128 43 363 56 177 386 74 109 348 145 213 302 380 326 492 87 261 303 9 219 189 306 449 477 326 364 404 173 397 271 389 200 77 358 460 419
464 96 217 50 493 264 66 225 145 488 90 266 286 222 360 458 136 106 414 64 299 428 31 219 192 141 20 457 145 6 76 355 365 480 69 258 429 94 466 62 310 41 397 448 48 83 113 100 456 341 475 417 496 70 272 205 414 60 191 365 50 29 144 476
217 200 437 167 418 331 328 117 50 383 177 443 311 96 266 362 219 74 345 288 386 55 171 77 499 113 141 359 351 288 158 412 200 10 278 357 266 426 93 367 212 445 355 463 248 245 248 154 136 304 324 446 478 352 483 77 304 482 328 436 94 316 336 89
389 223 228 345 138 241 469 171 411 295 103 466 442 169 400 262 416 38 39 177 327 191 339 425 193 466 224 88 323 85 259 127 236 129 13 92 273 58 324 186 478 326 75 396 450 321 39 303 70 373 412 434 9 355 499 167 61 104 163 407 261 362 83 369
232 177 32 415 192 494 388 218 203 26 224 287 407 242 191 428 79 327 135 366 470 330 444 216 82 292 220 227 200 12 51 324 57 450 250 0 381 102 441 336 330 227 25 344 333 469 470 208 300 16 297 344 55 154 7 347 74 489 124 269 315 474 433 347
199 161 28 318 241 67 429 310 389 500 317 55 358 264 458 371 464 171 490 61 476 131 61 86 273 48 181 63 338 361 15 86 386 64 122 424 74 144 330 431 393 379 420 175 263 254 295 286 410 416 347 370 263 57 284 398 118 292 407 203 496 474 271 444
2 57 187 329 376 303 446 304 25 354 291 481 146 271 259 236 198 252 326 462 377 304 25 304 309 245 402 94 428 446 371 286 137 365 203 221 403 412 68 393 312 47 410 160 128 420 271 31 410 435 281 429 297 384 444 195 492 281 139 192 113 408 295 436
497 475 392 183 134 75 213 35 286 4 302 495 292 44 412 263 174 153 208 438 262 351 311 112 253 430 66 38 350 312 285 452 253 206 332 45 41 212 3 499 279 282 332 462 77 214 186 465 153 68 262 363 300 408 216 247 283 180 359 31 149 431 418 462
214 255 221 289 294 290 443 282 226 306 89 78 432 442 24 108 150 316 268 301 315 121 395 335 190 395 54 170 308 269 127 420 321 446 312 191 119 270 284 83 270 193 385 30 60 87 152 254 328 177 334 426 91 57 224 88 113 142 51 462 34 451 82 242
27 433 318 443 209 409 246 400 3 290 80 179 369 99 401 196 360 263 358 3 289 423 93 48 97 24 403 476 485 463 436 16 422 425 207 317 0 317 493 241 220 70 160 373 127 450 100 498 335 22 310 48 365 253 149 89 464 252 391 452 355 124 100 479
165 351 357 4 292 190 394 329 426 83 156 220 234 352 359 111 133 405 181 439 130 217 237 159 461 359 292 363 382 49 256 371 348 138 175 359 335 54 21 295 200 302 306 353 229 349 314 439 286 14 287 340 110 35 71 344 80 108 311 396 195 420 493 66
100 92 149 416 355 332 313 459 235 72 304 25 368 189 80 221 189 131 289 294 17 496 332 268 191 414 340 281 342 49 169 426 462 116 42 62 324 487 59 15 378 382 163 441 141 281 318 129 203 53 132 157 310 104 406 194 371 338 445 375 129 88 45 453
339 263 9 199 434 23 494 217 71 170 230 94 364 218 353 102 359 43 397 419 168 130 482 183 245 304 398 174 89 382 120 65 448 198 359 389 266 23 254 240 471 406 107 208 276 78 139 356 187 218 304 92 458 20 215 57 149 362 200 103 482 322 368 461
393 154 180 493 301 68 208 30 316 197 360 414 30 465 45 56 229 39 334 497 331 279 119 92 177 354 227 54 149 273 416 305 300 348 258 24 162 275 238 254 179 262 354 179 133 385 356 138 54 335 96 160 406 135 330 339 390 70 250 433 237 313 226 53
94 491 403 386 453 496 117 426 23 368 416 208 359 106 454 153 78 478 225 309 279 78 117 362 468 420 406 266 461 259 108 362 93 374 400 425 39 320 484 69 411 199 414 288 87 385 131 386 21 29 441 330 65 118 276 397 85 403 325 150 25 424 102 69
50 395 453 169 436 297 447 64 214 127 205 51 105 151 496 423 44 126 9 314 211 320 332 113 429 352 240 312 193 20 478 131 247 476 417 168 239 145 396 423 84 225 398 450 478 459 169 57 335 290 168 388 389 457 246 377 386 330 228 59 437 46 489 367
187 172 212 404 17 172 392 25 0 231 110 156 56 112 318 260 472 466 210 202 430 346 271 79 111 120 434 236 453 56 403 499 210 406 409 123 270 287 246 434 286 215 360 207 379 13 328 175 358 129 486 190 481 30 208 197 397 251 486 120 479 320 274 54
373 447 409 148 123 491 114 430 27 393 220 9 401 242 481 253 494 183 224 145 315 63 382 439 147 466 306 58 464 286 324 379 259 259 398 292 420 302 25 228 50 212 137 484 141 202 108 260 253 492 365 367 93 181 353 310 198 351 331 83 9 187 104 438
496 132 5 116 315 474 372 273 427 212 395 476 65 127 209 189 97 494 454 141 245 163 189 435 5 361 11 286 364 160 238 66 388 382 434 321 265 50 333 5 118 450 363 263 28 71 439 400 374 175 344 2 340 51 452 339 455 64 342 3 137 343 93 151
460 404 59 76 414 232 133 422 354 273 231 360 4 101 20 210 310 304 220 351 99 238 388 485 470 258 400 453 383 315 107 355 98 389 126 377 361 460 42 151 9 482 86 113 333 302 265 455 161 4 202 237 113 480 28 79 290 437 85 396 230 405 72 343
480 481 217 379 135 449 397 98 391 375 394 190 226 436 483 279 90 6 427 332 346 460 99 334 339 310 329 111 304 354 379 187 205 437 381 34 88 440 363 151 344 104 140 325 88 190 482 73 135 270 462 45 261 487 118 226 87 183 385 175 247 114 338 138
366 442 310 188 391 34 265 267 413 469 175 143 431 429 49 159 83 197 415 208 316 336 434 363 383 110 483 266 39 110 441 177 460 499 499 384 499 184 319 336 99 144 487 141 40 4 39 25 255 264 114 264 164 364 90 176 443 177 75 14 467 152 130 460
420 327 180 433 247 334 173 252 360 6 88 90 245 390 317 263 98 414 242 63 7 380 487 442 150 364 27 290 323 175 230 147 381 27 417 467 143 380 192 363 219 64 387 470 147 258 208 188 410 132 299 117 74 343 196 234 122 430 316 461 161 406 40 142
372 470 73 235 372 13 105 235 292 9 419 374 431 174 456 306 251 484 235 361 72 384 381 190 184 310 197 215 119 119 476 100 374 19 358 130 175 269 451 127 103 309 267 408 136 308 47 206 59 214 149 70 218 397 295 185 341 239 112 224 434 492 322 448
390 468 177 71 491 253 342 497 67 446 233 163 174 117 115 473 273 196 288 236 108 108 198 347 217 418 23 443 216 288 49 210 197 76 396 28 377 197 31 57 480 233 12 38 164 195 49 417 381 306 488 66 304 154 39 333 77 85 298 418 181 154 100 344
143 47 426 231 284 29 434 262 135 387 211 5 302 332 355 302 248 207 125 364 316 110 200 193 232 363 499 423 102 436 213 254 3 283 44 362 31 18 204 230 79 175 374 354 249 117 462 195 176 253 162 157 241 469 204 10 229 259 208 159 276 372 431 499
300 463 192 253 159 136 339 403 237 91 83 32 123 434 364 301 257 466 392 346 314 150 365 61 203 390 383 463 440 481 253 2 365 30 95 210 480 23 415 368 284 323 341 234 376 282 210 478 215 89 70 312 442 342 374 277 197 274 8 7 191 343 378 250
255 429 222 149 6 6 453 328 211 345 201 7 46 444 189 33 39 186 189 273 82 143 335 410 339 61 284 403 369 34 217 485 301 110 192 81 178 56 209 112 161 274 3 181 35 263 230 181 100 396 211 242 442 415 61 14 478 3 141 206 244 146 309 490
202 492 203 91 42 398 195 308 91 284 303 383 97 342 16 97 499 497 385 187 411 21 18 406 112 20 494 351 124 390 15 34 79 475 306 35 410 496 352 70 138 247 378 356 269 431 310 441 149 460 154 46 207 300 476 284 167 379 473 24 116 254 169 20
241 199 83 217 211 35 147 261 434 126 418 405 301 338 178 77 73 131 289 17 81 230 358 317 79 328 323 219 208 385 16 292 257 349 490 394 109 64 400 481 473 174 149 406 207 50 279 435 327 248 86 369 386 18 213 167 380 75 124 344 46 258 475 488
377 194 100 181 147 474 107 312 0 204 132 286 203 493 49 72 241 16 369 495 415 392 328 499 171 169 217 7 20 179 115 74 176 34 107 421 45 55 201 73 44 32 242 200 482 263 119 51 433 490 343 345 18 186 330 364 284 64 41 229 108 189 336 4
84 78 34 174 425 12 129 44 4 198 303 429 329 55 334 445 68 93 212 93 317 15 54 210 80 418 467 48 167 299 250 284 272 464 114 238 243 21 14 398 136 322 284 4 7 245 498 464 30 102 425 48 54 139 154 207 51 493 332 182 473 480 433 256
253 386 200 331 25 162 459 382 92 402 332 2 401 118 77 367 33 137 394 163 195 297 70 157 425 205 494 1 159 68 217 356 307 487 268 372 449 462 25 33 326 43 293 310 71 128 273 437 186 385 320 0 189 356 152 89 200 130 170 61 296 489 32 316
401 237 122 408 41 227 346 81 13 367 29 478 270 36 372 82 106 165 5 383 318 315 6 303 228 141 152 34 104 10 130 374 197 442 291 142 255 249 202 286 429 17 491 472 253 123 142 288 15 236 246 243 379 412 329 401 103 434 241 179 278 449 111 23
84 204 479 0 252 327 113 162 136 472 215 466 82 114 104 395 453 111 420 192 389 448 400 379 131 138 332 226 201 335 138 53 409 322 463 67 41 245 280 453 400 384 457 370 133 233 491 313 311 471 482 400 4 388 443 339 349 398 273 410 450 332 101 490
465 12 474 474 164 5 448 272 115 112 367 17 35 423 212 27 203 484 373 381 493 108 310 39 402 278 212 346 284 169 306 353 171 420 63 455 170 59 38 418 405 179 253 375 474 387 119 280 139 156 130 127 347 47 346 96 79 367 323 346 459 200 479 442
42 432 449 270 396 479 202 387 410 195 399 75 218 386 62 327 259 314 385 495 499 188 93 127 172 133 120 233 132 470 48 418 86 156 16 343 106 291 175 490 200 467 154 434 12 98 129 355 192 120 3 273 150 39 342 436 498 171 476 394 478 213 281 232
409 483 198 255 252 195 348 204 450 68 252 217 133 386 451 340 268 391 139 413 342 177 365 462 368 228 295 214 116 423 411 448 484 137 315 26 260 341 479 307 317 240 330 337 232 22 435 165 196 175 41 421 379 157 381 118 144 126 303 50 308 265 299 331
363 226 435 331 102 166 395 284 409 114 432 155 482 38 238 472 169 141 459 286 416 320 401 431 126 334 147 463 352 389 266 121 190 224 301 301 338 287 126 12 32 232 380 64 403 424 447 284 251 448 480 102 121 375 276 398 76 204 191 135 43 446 217 227
0 433 0 303 274 193 423 476 173 431 405 169 225 313 169 241 323 244 84 34 222 328 492 58 136 58 393 15 158 480 232 299 195 467 294 182 26 318 42 103 375 363 335 324 195 306 286 246 191 351 398 266 101 93 35 295 321 213 136 320 205 345 102 470
384 267 324 412 402 484 103 351 297 102 375 356 495 454 10 132 21 50 116 117 310 423 163 311 329 225 78 264 87 209 134 447 105 195 45 151 455 411 342 253 462 497 447 120 173 182 393 92 409 445 279 81 6 468 0 132 88 207 289 165 406 473 121 209
440 309 334 330 408 207 339 187 29 237 285 219 240 362 37 28 310 333 279 447 330 113 316 157 361 166 88 8 476 50 151 426 221 167 412 37 57 305 428 447 251 490 159 148 466 368 228 62 459 86 9 324 60 162 282 319 244 49 232 82 371 184 309 198
420 9 363 102 290 392 358 6 335 117 114 432 470 208 416 185 435 78 279 135 428 398 326 295 304 200 138 40 499 374 251 49 368 220 57 44 465 390 179 2 163 118 427 205 208 123 330 356 283 408 154 230 381 404 338 267 118 305 471 458 277 261 339 231
465 124 337 496 31 101 401 202 264 85 435 161 312 474 89 37 54 251 418 498 80 92 327 220 302 44 162 168 107 57 428 56 229 164 247 140 191 40 417 233 242 98 104 285 395 156 447 346 151 372 353 449 489 61 494 290 299 448 98 486 297 69 398 278
486 426 53 333 378 322 359 153 236 445 316 428 377 230 100 296 428 367 130 96 65 411 460 225 357 222 316 72 138 202 142 247 189 246 26 147 258 85 169 490 90 437 236 469 163 52 239 196 333 55 442 459 1 114 228 434 123 210 330 386 70 431 462 360
454 346 109 154 30 15 415 449 399 116 361 373 180 301 155 287 111 149 184 433 259 399 232 95 38 171 371 150 445 246 224 445 226 243 436 462 425 18 393 150 426 231 486 59 122 393 357 265 460 331 35 482 354 467 26 418 207 175 340 87 98 163 50 302
241 459 342 158 496 297 140 116 274 140 252 269 413 480 140 259 81 130 424 335 24 6 380 395 477 179 137 107 299 84 407 433 223 36 408 42 247 44 48 189 402 6 304 309 13 485 45 413 272 113 318 8 191 391 153 306 397 245 358 380 90 46 414 196
415 99 211 342 330 359 467 205 466 324 106 442 272 34 171 20 477 219 114 76 310 105 390 351 40 448 56 52 171 444 380 372 61 313 378 421 428 341 440 346 402 6 88 72 270 40 259 171 92 96 240 209 287 147 430 313 92 241 446 471 456 36 124 230
330 340 196 267 227 121 453 53 388 449 163 133 187 41 345 402 272 23 202 156 44 460 375 159 119 188 422 330 60 226 370 162 82 68 462 329 92 112 67 413 450 150 208 259 413 370 488 145 303 363 108 75 324 253 242 77 485 69 77 344 498 456 241 142
367 87 22 438 236 248 296 47 92 47 66 468 106 281 368 22 171 131 3 227 27 239 310 102 183 109 196 290 444 289 197 478 158 76 163 115 239 485 230 347 59 376 291 318 286 438 14 72 308 464 46 249 1 487 493 250 50 306 72 69 241 14 94 323
139 500 16 154 147 6 341 424 8 297 23 124 372 182 367 496 342 273 487 205 4 363 7 177 267 13 306 103 68 482 52 237 213 348 97 283 79 2 126 394 284 309 104 358 253 457 119 481 494 87 220 409 124 296 268 427 393 240 451 293 181 356 402 1
273 73 137 237 209 261 173 111 500 427 470 175 410 338 342 137 313 346 424 153 313 151 172 243 71 330 20 89 425 115 416 479 164 436 15 332 323 231 209 364 128 207 138 437 386 408 447 93 74 360 369 316 309 370 164 497 200 379 254 20 262 157 296 470
215 399 424 137 46 220 488 187 301 297 114 32 303 171 203 47 49 443 295 70 485 224 88 395 120 181 119 434 153 67 465 241 282 58 449 224 77 364 119 316 203 27 77 362 251 62 195 194 299 326 498 242 288 35 234 430 425 16 248 390 298 125 300 373
190 396 184 450 28 312 7 488 330 243 418 387 97 233 482 249 179 438 259 212 73 93 363 33 418 394 150 13 38 171 265 347 17 21 167 137 455 351 329 260 279 102 0 259 369 152 167 90 79 162 321 266 277 216 330 173 192 145 390 169 162 98 355 498
250 221 271 248 36 32 184 123 125 147 280 423 376 79 432 451 397 363 157 70 303 238 109 285 166 278 441 252 59 485 29 327 158 361 490 85 198 7 27 402 46 385 340 145 280 253 362 62 166 279 96 71 434 91 494 255 289 159 186 449 298 337 69 268
64 340 160 308 218 181 26 150 433 285 393 41 331 242 473 95 484 221 427 6 5 22 168 237 170 126 53 200 311 410 192 308 351 269 283 51 464 454 22 262 124 369 118 492 232 23 449 413 259 340 138 457 392 465 383 315 344 489 166 253 353 205 499 263
